-0.0077526
-0.001028
-0.012496
-0.0044006
-0.0020464
-0.0036832
-0.00075086
-0.00013793
-0.0049181
-0.0047208
-0.0018424
0.0064849
0.003106
0.0012105
0.0049946
0.0045565
0.0016416
-0.0089798
-0.012875
-0.022329
-0.014527
-0.027881
-0.032732
-0.020421
-0.011479
-0.0064216
-0.0081534
-0.022445
-0.018061
-0.01492
-0.014059
-0.025394
-0.023698
-0.026519
-0.014371
-0.0036726
0.010218
0.013765
0.013812
0.011299
0.012709
0.0089764
0.0072393
-0.0014755
0.00067954
-0.010289
-0.0058476
0.0025892
0.0050373
0.0061566
-0.0030386
0.015394
0.021623
0.019398
0.0098644
-0.00048964
0.005055
-0.010569
0.0030188
0.0055768
0.018442
0.015037
0.015251
0.0032911
0.014529
0.0076115
0.014184
0.0080035
0.012196
0.0088651
0.00077343
-0.0067097
-0.0012402
0.0093711
0.0085633
0.0022196
0.0043967
0.0032136
-0.0039441
0.0021653
-0.0010584
0.0017631
-0.0094809
-0.0012148
-0.00579
-0.011095
-0.0039118
0.0033312
-0.00053802
0.0093861
0.0076615
0.0025259
0.0020681
0.003643
0.0024697
0.0047421
-0.004404
-0.0063314
-0.0060437
-0.017837
-0.0056818
-0.012604
-0.011111
-0.018827
-0.010361
0.006698
-0.0032651
-0.0049238
-0.0041974
-0.0043508
-0.0071374
-0.0037964
0.0070233
0.011812
0.00086125
-0.00089122
-0.00037882
-0.010357
-0.0057018
0.0017893
0.00052704
0.0046416
-0.0058484
-0.0088931
-0.0060002
-0.017455
-0.00899
0.0071309
0.0083693
-0.0036162
0.0067278
0.0029586
0.0085683
0.00062061
-0.0070964
-0.0046722
0.011726
0.015551
0.018329
0.0074136
0.0071564
-0.00093834
-0.00079833
0.010049
0.0076987
0.0017528
-0.01269
-0.0054271
-0.013764
2.2355e-05
0.00031567
-0.0083083
-0.01892
-0.0043161
-7.761e-05
-0.0032276
-0.012535
-0.0078178
-0.01799
-0.011961
-0.013891
-0.021373
-0.011476
-0.0078418
0.0046132
0.011616
0.01956
0.010568
0.020174
0.0078541
0.018366
0.035316
0.018966
0.014936
0.016407
0.014509
0.020951
0.021171
0.021047
0.010488
0.0093789
0.010706
0.0082394
0.00044767
-0.010336
-0.022544
-0.021978
-0.022504
-0.0039807
0.0007543
0.0059691
0.0052507
-0.0016117
-0.011572
-0.012926
-0.0058595
0.0012233
-0.0028474
-0.00038854
-0.0047497
-0.0094978
0.00085574
-0.0082287
-0.0092933
0.0061226
0.0016681
-0.0048914
-0.0059648
0.0011343
-0.011808
-0.01492
-0.019485
-0.0083382
-0.0043288
-0.00034248
-0.0096385
-0.013422
-0.0018289
0.0036009
0.0040495
0.0066056
0.0047708
-0.010146
-0.0081761
0.0013093
0.014945
0.014444
0.00093398
0.0013414
0.0023735
0.0029686
-0.016077
-0.0096271
-0.0043264
-0.0034863
0.0039928
0.00024713
0.0048504
0.0070836
0.0089303
0.0033726
-0.011161
-0.010665
-0.015371
-0.0084974
2.555e-05
-0.016973
0.0050975
0.0085879
0.0087144
0.0096806
0.010274
0.010614
0.005753
0.0011526
0.0030972
-0.0080024
-0.0052412
-0.0067504
-0.0021717
0.00073755
0.0087121
-0.0023029
0.0079
0.010874
0.018164
0.01135
0.014126
0.010707
0.01304
0.012222
0.0038882
0.0097643
0.0087059
0.010377
0.021034
0.0090864
0.016869
0.025451
0.018289
0.010663
0.016799
0.012431
0.013178
0.010948
0.0045843
0.0011777
0.0035254
-0.0043644
-0.012696
-0.033832
-0.047516
-0.051284
-0.054755
-0.054344
-0.040999
-0.044423
-0.037704
-0.011485
0.0015332
0.0032477
-0.0013712
-0.00062481
0.014776
0.01716
0.0094517
0.0073215
-0.00034272
0.0031504
0.0065412
0.0015722
-0.00048366
0.0088864
0.0049717
0.0092831
0.012171
0.0097032
0.0092466
0.00961
0.0036615
0.0028295
-0.004467
-0.0083508
-0.013064
-0.0017212
0.0035121
0.0025828
-0.0018165
0.0007281
0.0036149
0.0019291
-0.0019622
-0.00022811
-0.0019593
-0.0045227
-0.0067168
-0.0024872
0.0019481
-0.0029676
-0.0073832
-0.003098
0.0047134
0.003324
-0.0081572
-0.011043
-0.00019112
0.00034338
0.0027264
-0.00053404
0.0047704
0.0031347
0.0041195
0.0051764
0.0055278
-0.00023935
0.015253
0.0062171
-0.0038993
0.0062607
-0.0044829
-0.003216
0.0035147
0.0075846
0.011218
0.022653
0.0247
0.0084626
0.005959
0.0095308
0.0016973
0.010187
0.0023296
0.0065821
0.018013
0.028777
0.031203
0.030052
0.030343
0.025574
0.021291
0.0060492
0.00063653
-0.0095322
-0.024023
-0.027254
-0.022823
-0.017722
-0.019149
-0.020024
-0.016369
-0.026944
-0.018615
-0.020716
-0.010343
-0.028742
-0.028262
-0.027769
-0.025194
-0.022603
-0.02534
-0.022297
-0.019864
-0.030204
-0.0052197
0.0073729
0.0021981
-0.0086354
-0.014088
0.0075092
0.010341
-0.011302
-0.0042941
0.002132
-0.0064959
-0.0029586
0.0005272
0.0037785
0.020726
0.022469
0.025702
0.035728
0.036984
0.023198
0.029367
0.018721
-0.00080344
-0.0041569
-0.0022229
0.019334
0.013506
0.02461
0.034884
0.028394
0.021936
0.013895
0.0045432
-0.01038
-0.0073756
-0.018892
-0.029581
-0.020289
-0.017703
-0.01375
-0.0075685
-0.004628
0.00010982
0.0035821
0.013536
-0.0035705
-0.014847
-0.0083326
-0.0033679
-0.0025233
-0.010371
-0.00086272
-0.003509
-0.0054535
0.0076689
0.0023621
-0.0051998
-0.0075412
-0.017835
-0.016268
-0.0051542
0.013468
0.0088592
0.001767
0.015922
0.0047134
-0.0013259
0.0047632
-0.0019892
-0.0027295
0.0045064
-0.012165
-0.0065087
-0.0032715
0.0030253
0.0036059
0.00055848
0.00546
-0.0014636
0.00032217
-0.0005734
0.00039014
0.012875
0.0059443
0.0063213
-0.0032479
0.0099101
-0.00058592
-0.0010248
-0.0026347
-0.0034898
-0.016788
0.00026116
-0.0061539
-0.0034196
-0.0050758
-0.0025487
1.9535e-05
0.0039686
0.011188
0.011014
0.018333
0.0053717
0.0015451
0.0065926
0.0020083
-0.0010963
0.0016555
-0.013365
0.00092825
0.011571
0.0056203
0.0037566
-0.0032616
-0.0083617
-0.0043079
-0.017826
-0.01275
-0.0058723
-0.0026594
-0.0010523
-0.0033272
-0.00076718
0.0081197
0.0027768
-0.006796
-0.021242
-0.035085
-0.039485
-0.02174
-0.0057248
-0.0087792
0.0012915
0.0038818
0.00735
0.01121
0.014586
0.0093268
0.021626
0.021323
0.011011
0.0058577
0.018048
0.018671
0.016255
0.0056174
-0.0029196
0.0062803
0.0093712
0.013727
0.011398
0.0081605
0.0077716
0.0035388
0.010077
0.0068847
-2.983e-05
-0.0068481
-0.005439
-0.00087685
-0.013069
-0.015988
-0.009985
-0.0076316
-0.0064046
-0.0056241
0.0013562
-0.010306
0.005082
-0.00015232
-0.011221
-0.0098005
-0.0010648
0.0053806
0.0060443
-0.01106
-0.01477
-0.020486
-0.014728
-0.026938
-0.024827
-0.01418
-0.020572
0.00029815
0.010783
0.012656
0.012916
0.011371
0.011919
0.01396
0.0084174
0.016412
0.015639
0.015618
0.022352
0.0092736
0.0025403
-0.0010519
0.0083909
0.0048445
-0.0015948
-0.00059007
-0.0042249
0.0080294
0.0042094
-0.012226
-0.010186
0.0052575
0.0048212
0.0060981
0.0052071
-0.00092507
0.0069631
-0.0012657
-0.010846
-0.016785
-0.030351
-0.029756
-0.010253
-0.0033102
-0.015946
-0.0176
0.0038533
0.0093502
0.021451
0.012952
0.0095715
0.01897
0.003862
0.013096
0.0075609
0.0072123
-0.012333
-0.018518
0.0038201
0.0045722
0.012753
0.0051278
0.013247
0.0034742
-0.0044392
-0.013291
-0.019635
-0.0040878
-0.0039665
-0.00075691
-0.0026235
-0.0036996
-0.00060985
0.00027756
0.0034199
0.013387
0.019698
0.020404
0.010546
0.012171
0.0093006
0.0033926
-0.0077378
-0.016613
-0.0026083
-0.0028227
-0.0057062
-0.0034641
-0.0030167
-0.014589
-0.016308
-0.01882
-0.019627
-0.014503
-0.016917
-0.017036
-0.026685
-0.014706
-0.0033398
0.0049217
0.0087721
0.011971
0.0038265
0.012499
0.0076218
0.0058833
0.0026425
0.012207
0.010701
0.0090704
0.015274
0.015497
0.004528
0.0070252
0.0026445
0.0048566
0.0072884
0.012981
0.0097879
0.0088116
-3.835e-05
0.01014
0.0067169
0.0066332
0.00013832
0.0099716
-0.0028467
-0.0030834
-0.0048731
-0.010081
-0.011614
-0.0066934
0.0036361
-0.0026468
0.006629
-0.0036424
0.0007794
-0.0069488
-0.023517
-0.030688
-0.040058
-0.041384
-0.031113
-0.0030356
-0.00050984
0.0066561
0.0074241
0.0056071
0.0024903
0.0021307
0.01461
0.0077647
0.011844
0.0072865
0.011283
0.011346
0.016276
0.01064
0.0054063
0.0035257
0.010463
0.017836
0.019837
0.0079039
0.012291
0.0012192
0.0097484
0.011203
0.012276
0.012014
0.008612
-0.0042668
-0.0045121
0.0026319
-0.0016166
-0.0013098
0.0015199
-0.0070666
-0.0090864
-0.012296
-0.022429
-0.018201
-0.025597
-0.023359
-0.0088976
-0.0045888
0.010351
-0.0028812
0.0022359
0.014443
0.0063619
-0.0018059
-0.018831
-0.011785
-0.015878
-0.013638
-0.0023649
-0.013601
-0.020717
-0.028424
-0.016539
-0.0073199
-0.0017802
0.0052619
-0.0076684
0.00078599
0.0079988
0.012478
0.010024
0.010515
0.0098283
0.0059508
0.013119
0.0054007
0.0033909
0.004344
0.0014489
0.004203
0.0079283
0.0052322
0.0073683
0.0040792
0.0036399
0.0075978
0.010904
0.0079969
0.0027189
-0.0011497
0.007892
0.010558
0.0083589
0.008925
0.0073638
0.0046015
0.014776
0.0086619
0.0062125
0.0092378
0.014047
0.0032844
0.0074545
0.012691
0.0037827
0.0019019
0.0059752
-0.0028015
-0.002008
-0.011823
-0.0059836
-0.0034211
0.0048745
0.0010533
-0.0017967
-1.7314e-05
-0.019746
-0.014737
-0.018239
-0.032302
-0.031116
-0.024571
-0.01093
-0.005724
-0.016785
-0.012985
-0.013459
-0.0006431
-0.0086826
-0.01925
-0.030009
-0.017843
-0.0048434
-0.0054694
0.0015248
0.017489
0.016638
0.0088459
0.015829
0.017372
0.026519
0.022642
0.012352
0.0020733
0.0046629
-0.00069087
0.0056644
0.0028235
-0.0011873
-0.0024386
0.0081946
0.010401
0.0098831
0.014132
0.0086591
0.0073502
-0.0067484
0.0031374
0.0068487
-0.004463
-0.0086723
0.0045966
-0.0039493
0.010357
0.002393
-0.0035101
-0.0060645
0.002674
-0.0041473
0.0009559
-0.0064663
-0.015627
-0.0096822
-0.013497
0.00029489
0.0031735
-0.0014799
-0.0042901
-0.014372
-0.01093
-0.0015286
-0.0021764
-0.0031403
0.0035476
0.005823
0.0071732
0.011938
0.0093197
0.013461
0.022311
0.019867
0.025081
0.011936
0.011152
0.012849
0.024526
0.015854
0.00096583
-0.010482
-0.019293
-0.01854
-0.015264
-0.0063028
0.003566
-0.0097655
-0.010346
-0.01736
-0.034211
-0.039281
-0.030556
-0.0040186
-0.0078952
-0.010982
-0.0046917
-0.006754
-0.013714
-0.011912
-0.019562
-0.0048347
-0.0053926
0.0043091
0.0049942
0.0039308
0.01107
0.013757
0.014899
0.0013553
-0.0086942
-0.009178
0.0053666
0.0043076
0.01081
0.021508
0.016371
0.015397
0.022746
0.018908
0.024513
0.017177
0.02105
0.010371
0.017256
0.010373
0.0053393
-0.0068617
-0.011709
-0.001045
0.011576
0.0025689
-0.0082816
-0.018118
-0.012229
-0.0061387
0.0041848
0.0051294
0.0072198
0.00030829
-0.0015959
-0.0063552
-0.014302
-0.01573
-0.029839
-0.033128
-0.030292
0.00078354
0.012675
0.018309
0.0053141
0.0031975
0.011388
0.012987
0.0022605
-0.00044477
-0.013697
-0.00658
0.0036978
0.0035495
-0.0045846
-0.0090946
-0.0059182
-0.014485
-0.013693
-0.012221
-0.015672
0.014648
0.017445
0.012873
0.0036091
0.017276
0.018605
0.011836
0.014334
0.015966
0.011972
-0.0026071
-0.004562
0.0027513
0.0077433
-0.0050846
-0.010081
-0.016357
-0.01267
-0.028244
-0.0077996
-0.0082186
0.0070026
0.014242
0.0077146
0.015088
0.0033968
-0.0035767
0.000162
-0.0038358
-0.0022573
-0.010427
-0.0065699
-0.024404
-0.02182
-0.010474
-0.004981
-0.020163
-0.0024513
-0.019846
-0.014247
-0.0030577
-0.00061269
-0.0080945
0.0088265
0.0023634
0.0015601
0.011224
0.0075328
0.012265
0.017527
0.01501
0.018112
0.02017
0.018581
0.017565
0.0099927
0.0085014
0.0062966
0.011482
0.011703
0.012943
0.0073247
0.0078601
-0.0030997
0.0035825
0.009122
0.0028367
-0.012516
-0.0094168
0.0009782
-0.0076517
-0.0057412
0.0033773
0.0050997
-0.0057238
0.00044195
-0.010294
-0.011858
-0.017481
-0.022745
-0.013902
-0.0077209
-0.0060489
-0.013249
-0.0057902
-0.001153
0.0091408
0.0063557
-0.0043868
-0.0066043
2.2681e-05
-0.0016797
0.0033481
0.0097062
0.007268
0.0096854
0.010199
0.0062518
0.00063911
0.0029449
0.0046127
-0.0045035
-0.0026178
-0.0020408
-0.0020542
-0.0036688
-0.0084555
-0.0085265
-0.010935
-0.0050331
0.007556
0.0049596
-0.0052502
-0.0017167
0.0014953
0.0021804
-0.0013754
-0.0054159
-0.0063436
-0.0024135
0.0065079
0.0022661
0.0071487
0.00044844
0.00024503
0.00029235
0.0099509
0.0066536
0.0030306
0.0075832
0.0075545
-0.012494
-0.01535
0.00040578
0.0010858
0.0094398
0.012193
0.0010597
-0.0080956
-0.014212
-0.026011
-0.018375
-0.012502
-0.016918
-0.012112
-0.0031037
0.005389
0.0042389
0.00017418
0.010127
0.0093781
0.01193
0.010483
0.0041685
0.011911
0.015989
0.012261
0.011125
0.0033905
0.00012043
-0.0020449
0.0066263
0.00674
0.0075971
0.009203
0.008258
0.01223
0.0072159
0.0014466
-0.013876
-0.014514
-0.012931
-0.01099
-0.010848
-0.0045226
-0.0027461
-0.0078468
0.0076546
0.014725
0.0074324
0.012356
0.011237
0.0047988
0.017008
0.004827
0.01262
0.015823
-0.0023973
-0.0029325
-0.001375
0.0038366
-0.0094072
-0.011958
-0.014954
-0.010096
-0.019879
0.00031809
-0.005066
-0.010626
-0.011698
-0.011374
-0.012868
-0.023549
-0.0098327
-0.017334
-0.012963
-0.0044794
0.0015147
0.0077078
0.0048379
0.0042435
-0.009562
-0.012572
0.0016474
0.0013774
0.012434
0.013002
0.008498
0.018842
0.0035027
-0.00082759
-0.00015522
-0.0017659
0.0069173
-0.012936
-0.0047979
-0.0037962
0.003202
0.0063154
0.011472
-3.47e-05
-0.0014245
-0.0061413
0.0077895
-0.00042105
0.0054667
0.0067038
4.7591e-05
0.0042718
0.0023392
0.0046449
0.0075165
0.0022789
0.009729
-0.0012501
-0.0027931
-0.0087839
0.0010922
-0.0043815
-0.005799
-0.0061347
-0.0023029
-0.0018055
0.0069258
0.0066378
-0.0010782
0.0044249
0.0078077
0.01059
0.0071674
0.0016194
0.0071731
0.0054409
0.011131
0.012108
0.0059917
0.0025169
0.00016622
-0.0033428
-0.0060274
-0.012007
-0.0086787
-0.0016908
-0.0039803
-0.0053184
0.006806
-0.002263
-0.00039665
-0.0039173
-0.00040285
-0.0002943
-0.0073654
-0.00050848
0.0028679
0.0066741
0.0065397
-0.0067649
-0.0025552
-0.0045213
-0.0033164
0.0016038
-0.0019098
-0.0011846
0.0013076
0.0049409
0.0033019
-0.00026691
0.0040667
-0.0081599
-0.0099176
-0.01426
-0.0099226
-0.01345
-0.028553
-0.008974
0.0046154
-0.0092471
-0.0021158
-0.0027237
0.0075616
0.0034815
0.0079591
0.0094281
0.0090623
7.1436e-05
-0.00835
-0.021809
-0.029901
-0.019368
-0.001316
-0.00030128
-0.0072976
-0.010778
-0.0091091
0.0044637
0.0058989
-0.0025675
-0.0099188
-0.0097479
0.0051048
0.014048
0.020416
0.023695
0.02609
0.027693
0.02092
0.015829
0.012664
0.014864
0.015531
0.019393
0.023926
0.011762
0.011082
0.0042599
-0.0047918
-0.013438
-0.00011016
0.0072996
0.0088772
0.0071639
0.015546
0.017078
0.015848
-0.0025353
-0.0079042
-0.0035925
-0.012034
-0.005543
-0.0041834
-0.010954
-0.027833
-0.026823
-0.033015
-0.021663
-0.027118
-0.0042278
-0.0040627
-0.011044
0.0085783
0.01361
0.010313
0.016219
0.01877
0.012498
0.0096954
0.0035881
-0.006649
-0.012269
-0.013606
-0.013988
-0.0033674
-0.014939
-0.012872
-0.023576
-0.0042697
-0.01356
-0.012336
-0.016703
-0.017823
-0.018077
-0.0077209
0.0088993
0.00020303
0.0069721
-0.00083518
0.0050109
0.0016203
-0.0044256
0.0069184
0.0085588
0.008448
0.0038774
0.0049254
-0.0037822
-0.0019417
-0.0015564
0.001554
-0.0019959
-0.0039163
-0.0056483
-0.0096079
0.0044379
0.010041
0.013449
0.011307
0.021744
0.020805
0.019018
0.01099
0.0080005
0.013515
0.015696
0.027744
0.029889
0.03727
0.017419
0.0071675
0.011264
-3.0265e-05
-0.0059978
-0.012001
-0.0063489
-0.0066597
-0.011304
-0.018144
-0.028166
-0.023544
-0.025352
-0.019755
-0.033249
-0.01764
-0.0076318
0.0096346
0.013279
0.0048809
0.0029489
0.00019368
0.0019281
0.0096493
-0.0021426
0.0029896
-0.0016681
-0.0041676
0.0054262
0.01951
0.014615
0.0066056
-0.0014263
-0.0044809
0.0041771
0.023429
0.019486
-0.0012436
-0.0085423
-0.022452
-0.0070293
-0.0050955
0.0060633
-0.0011186
-0.01423
0.0026335
0.0036806
0.00048915
0.0016765
-0.0094151
-0.01296
-0.0086553
-0.0014697
-0.003972
-0.0077683
-0.010148
-0.011067
0.0043575
-0.0072525
-0.016325
-0.018077
-0.035945
-0.01663
-0.013764
-0.0061237
-0.013991
-0.014799
-0.010644
-0.008782
-0.0019407
0.0014876
0.0090437
0.015216
0.017315
0.013034
0.019985
0.023235
0.016797
0.009149
0.0062344
0.014343
0.012756
0.009094
0.016559
0.011356
0.015765
0.0019207
0.0086047
0.012368
0.0090015
0.0025744
0.010085
0.016055
0.013057
0.0043821
0.015257
0.0084723
0.014295
0.014139
0.012777
-0.0029866
-0.0012864
-0.0088064
-0.0090559
0.0033271
0.00085141
-0.00084069
0.0064061
-0.0065147
-0.016973
-0.012431
-0.0081529
-0.015481
-0.015134
-0.0087369
-0.011252
-0.026415
-0.019747
-0.019946
-0.022614
-0.012364
-0.007873
-0.014706
-0.016993
-0.015918
-0.015088
-0.0058901
-0.014913
-0.013821
-0.011257
-0.0060733
-0.013572
-0.0030682
0.0064433
0.0085668
0.01372
0.014604
0.015437
0.02461
0.032761
0.019707
0.023304
0.013138
0.0038757
0.0092581
0.018128
0.0042382
-0.0071613
-0.019264
-0.023968
-0.011674
0.0061827
0.014724
0.017353
0.004415
-0.010147
0.0076004
0.02045
0.017676
0.017894
0.020856
0.02577
0.026766
0.027033
0.031243
0.03766
0.022508
0.01312
0.005463
-0.017317
-0.02308
-0.022005
-0.036326
-0.036516
-0.037593
-0.040844
-0.047089
-0.028231
-0.021189
-0.019453
-0.029245
-0.036854
-0.029212
-0.024618
-0.019061
-0.0061359
0.0070947
0.010648
0.022754
0.023384
0.0061755
8.1719e-05
0.019538
0.0193
0.015499
0.019488
0.013732
0.031722
0.011304
-0.0014796
-0.0017852
-0.016651
-0.025297
-0.025618
-0.025183
-0.02615
-0.037376
-0.028592
-0.023315
-0.034581
-0.011202
0.011009
0.03174
0.038409
0.029487
0.031395
0.035519
0.040534
0.044827
0.039789
0.02657
0.034673
0.040085
0.030519
0.034367
0.028116
0.027388
0.016004
0.015419
0.0013844
-0.0082529
0.005055
0.00047374
-0.012051
-0.0093468
-0.0087179
0.0026963
-3.7992e-05
-0.003115
-0.01109
-0.0064696
-0.011079
-0.025547
-0.018092
-0.020258
-0.027415
-0.011631
-0.0052809
-0.018126
-0.018519
-0.031804
-0.022168
-0.031939
-0.032845
-0.038456
-0.031223
-0.023419
-0.038488
-0.046283
-0.05225
-0.050217
-0.039384
-0.019664
-0.019297
-0.021684
0.0029749
-0.0008354
0.026955
0.033113
0.034999
0.035946
0.034025
0.02991
0.013115
0.0060128
0.0079598
0.018491
0.018009
0.021486
0.023787
0.015458
0.023026
0.035883
0.028599
0.024966
0.020637
0.020275
0.015302
0.016503
0.0099047
0.0061093
0.0073348
0.0093561
0.016122
0.014532
0.011837
0.0040925
0.012155
0.007816
-0.002998
-0.0083475
-0.0068206
-0.0077874
-0.013226
-0.0083924
-0.010272
-0.0045259
-0.0050778
0.00753
-0.0061693
-0.005711
-0.013229
-0.0023133
-0.0036016
-0.0068533
-0.011889
-0.025956
-0.023243
-0.02425
-0.011638
-0.0035408
-0.0033981
-0.0030537
-0.0182
-0.0078931
0.00048098
0.015636
0.014465
0.012209
0.0081335
0.015139
0.013985
0.0031262
-0.0018
-0.010957
-0.02235
-0.034387
-0.023886
-0.022141
-0.00012495
0.0027673
0.0023035
0.00037089
-0.0024566
-0.0069851
-0.0075654
-0.0067832
0.0036846
0.0069876
0.00037749
-0.0022416
-0.0018996
-0.00082885
-0.009737
-0.00018267
-0.0058233
-0.0022291
-0.011488
-0.0038868
-0.0073946
-0.0056415
-0.0061561
-0.0055521
-0.0012377
-0.0058268
-0.0073211
-0.0071112
0.025539
0.01491
0.0092638
0.019013
0.02398
0.03243
0.033658
0.027315
0.013901
0.0030354
-0.0012011
0.0083931
0.0097351
0.01183
0.016654
0.019959
0.019472
0.0080199
-0.0010233
-0.0070924
0.0013703
0.011674
0.0032288
0.0049386
0.0038616
0.0050557
0.010501
-0.0039536
-0.011508
-0.015434
-0.023236
-0.018723
-0.024195
0.00019734
0.010334
0.0084205
-0.0050103
-0.0026806
-0.0096925
-0.0058226
-8.1532e-05
8.6802e-05
-0.011712
-0.01078
-0.021513
-0.019757
-0.028371
-0.023981
-0.0075926
-0.015474
-0.030614
-0.028796
-0.0077641
-0.0088979
-0.025136
-0.019236
0.00078953
0.012961
0.015878
0.019609
0.024235
0.012817
0.015896
0.020296
0.0051015
0.0050301
-0.0032248
-0.0045731
0.016323
0.013785
0.01376
0.007097
0.010601
0.017506
0.0063615
-0.006626
-0.019393
-0.0043952
0.0067956
0.00049973
0.0011075
-0.0068533
-0.0051191
-0.001993
0.007192
0.024723
0.0057199
0.0048369
0.013908
0.0024535
0.0024191
0.0076478
0.0062607
0.0048821
0.0050643
0.0053184
-0.0074265
0.0058488
0.0034989
-0.0039273
-0.0099362
-0.0069426
-0.0019905
-0.010031
-0.0052778
-0.0090894
-0.0014068
-0.00047517
-2.635e-05
0.0054302
0.0015123
-4.6375e-05
-0.0060204
-0.008126
-0.0054543
-0.0029601
-0.0048325
-0.0050103
-0.016711
-0.02268
-0.022446
-0.014025
0.0017024
0.0013334
-0.0046367
0.0046347
0.0098326
0.0038258
0.0031622
0.0086008
0.0086732
0.0081819
0.005015
0.0077242
0.012411
0.01664
0.0089823
0.0044185
0.0084178
0.014095
0.015279
0.020827
0.010927
0.0091264
0.010425
-0.0036204
0.0025606
-0.0074392
-0.016424
-0.031567
-0.026621
-0.035037
-0.043006
-0.028821
-0.012366
-0.018652
-0.029407
-0.027053
-0.024023
-0.036423
-0.02305
0.0082789
0.01638
0.024519
0.028312
0.026237
0.034564
0.030332
0.029195
0.026577
0.0203
0.017842
0.035282
0.031508
0.039049
0.036184
0.039924
0.020294
0.0061269
0.0040333
-0.0012751
-0.015323
-0.0068589
0.015387
0.019444
0.017803
0.0068634
-0.0050424
-0.023354
-0.018767
-0.035193
-0.035029
-0.035577
-0.045099
-0.026532
-0.013343
-0.03047
-0.008946
-0.015504
-0.031578
-0.018046
-0.027172
-0.040903
-0.039889
-0.052064
-0.037534
-0.028125
-0.022526
-0.021637
0.0046195
0.013838
0.013444
0.023254
0.01573
0.030889
0.016188
0.011424
0.0089135
0.017618
0.029048
0.032289
0.030802
0.029639
0.030139
0.021241
0.029886
0.028033
0.030597
0.027084
0.028276
0.018506
0.014757
0.0068472
0.0018008
0.0063359
0.011933
0.00056699
-0.0046625
0.0073231
-0.0001551
-0.0013247
-0.0043111
0.0068075
-0.0066336
-0.013374
-0.02135
-0.019416
-0.025727
-0.024312
-0.015616
-0.012223
-0.0047313
-0.003491
-3.8348e-05
0.0095061
0.0062133
0.011762
0.0068059
0.00093386
-0.0082983
-0.020553
-0.0052506
0.0040919
0.0063698
-0.001123
-0.0050373
-0.016847
-0.025123
-0.019424
-0.017961
-0.01666
-0.0036519
-0.0015645
-0.004802
-0.0064964
-0.014093
-0.016371
-0.02585
-0.013204
0.0079029
0.019183
0.0058803
0.00011694
0.0035499
0.010554
0.0089238
0.0043773
-0.0051802
0.0025221
0.0093913
0.008416
0.0027955
-0.0092405
-0.00083632
-0.0088991
-0.013263
-0.013005
0.0042284
-0.0022967
0.0047971
0.014591
0.016707
0.031108
0.00016978
-0.01344
-0.0037471
0.00361
0.0030398
0.0063931
0.016541
0.009672
0.0082424
0.0022921
0.008702
0.0013022
0.0039429
0.007742
0.0032166
0.010996
0.002785
0.011718
0.0025103
0.0038911
-0.0024945
-0.0053664
0.0094349
0.0062257
0.0037832
0.0054325
0.012615
0.01037
0.012413
0.001921
-0.010872
0.00082073
0.001205
-0.0087631
-0.010553
-0.017425
-0.00607
-0.010716
0.0046563
0.0044455
-0.00094364
-0.0031288
-0.0018569
-0.0031893
-0.010127
0.0005469
-0.01016
-0.021612
-0.0094283
0.0022778
-0.00056157
-0.0064102
-0.0054398
-0.017275
-0.0047385
-0.0096509
-0.018082
-0.0014155
-0.0028753
-0.0023957
-0.0079003
0.0097232
0.010566
-0.0037102
0.0045198
0.002947
-0.0065038
0.0014859
0.0037175
-0.0048853
0.015347
0.018422
0.0051312
0.010299
0.007958
0.00066227
-0.0027929
-0.006095
0.0059656
-0.0021132
-0.0012107
0.0074255
0.003682
0.010737
-0.0038009
-0.0087478
-0.0058864
0.0062003
-0.012016
0.0012734
0.011014
0.011617
-0.0051182
-0.0097255
0.0046481
-0.0054205
-0.0015778
0.019508
0.0084629
0.010481
0.00025481
0.0052655
-0.007059
-0.0029477
-0.001005
0.00032181
-0.010179
-0.023499
-0.020707
-0.015414
-0.01027
-0.012323
-0.014342
-0.0084228
-0.011087
-0.004106
0.0073204
0.0096686
0.0099811
0.0092841
0.012968
0.0052579
0.0092272
0.0013748
0.00072485
0.0086103
0.022714
0.020655
0.025065
0.020692
0.0067358
0.0060846
0.0088588
0.00042461
0.002503
0.0039158
-0.015803
-0.017499
-0.0070286
-0.0066298
-0.0092718
0.0020831
-0.0020599
-0.0092404
-0.00034428
0.0028852
-0.01138
-0.016471
-0.0055956
0.00063819
-0.0036773
0.0073989
0.011686
0.015771
0.0086517
-0.010821
-0.018035
-0.017393
-0.0067782
0.0035486
0.00019823
-0.016923
-0.010828
0.0048333
-0.005416
-0.0097295
-0.012084
0.0023239
0.0033746
-0.0030512
0.011567
0.0010923
0.0048134
0.0053704
0.0074743
-0.00096634
0.02206
0.013682
0.020166
5.7075e-06
-0.00077494
0.0074195
0.0048304
0.0046625
0.0004568
0.0010805
-0.0011397
-0.0080028
-0.011283
-0.019003
-0.007636
0.0054265
0.004803
-0.0082163
-0.0040951
0.0030785
0.0092539
0.0075364
0.0072992
0.005205
-0.0025025
-0.0094023
0.0066216
0.00883
-0.0075751
0.0010018
-0.0052587
0.00012905
-0.00037891
0.004227
-0.0074085
-0.0055407
-0.0048257
-0.017034
-0.00012743
-0.0058661
-0.01049
-0.0047644
0.003091
-0.0018963
-0.012816
0.00032557
0.00049693
-0.0020489
0.0023168
0.0069719
0.0011026
-0.0067776
0.0088644
0.0083247
0.013216
0.016101
0.0044385
-0.0051642
0.00093454
-0.0087133
0.010572
0.014486
0.013605
0.01529
0.01813
-0.00067745
-0.01659
-0.02833
-0.022109
-0.014608
-0.008182
-0.02362
-0.015078
-0.0067342
-0.010908
-0.0028936
0.0016435
0.010677
0.013673
0.016858
0.010705
0.0047444
0.0050339
0.00014484
0.0091138
-0.0054282
-0.0069604
-0.0042733
-0.012443
-0.0042378
-0.007765
0.011236
0.018689
0.019338
0.018439
0.011447
0.0042358
0.0077665
0.007414
0.0039009
0.0061287
0.0013388
-0.0012788
-8.5497e-05
-0.0021722
0.0023128
0.0076874
0.01366
0.012324
0.0096942
0.013266
0.00028333
0.010713
0.011146
0.01644
0.018686
0.020167
0.0017549
-0.0074721
-0.014715
-0.028122
-0.032178
-0.035515
-0.045997
-0.043337
-0.038195
-0.028124
-0.037372
-0.04514
-0.048641
-0.02344
-0.0079826
0.011528
0.01941
0.019142
0.025826
0.01774
0.017166
0.0016235
-0.0018957
0.0029228
0.014908
0.015435
0.011216
0.013836
0.010411
0.018761
0.015861
0.010751
0.018229
0.015887
0.017795
0.013789
0.0069697
0.0080317
0.01271
0.011954
0.010031
0.0033331
0.008296
-0.0074266
-0.018528
-0.021919
-0.016346
-0.019986
-0.0078977
-0.0092183
-0.011951
-0.021336
-0.0058407
0.0039815
0.013977
0.0061627
0.0072946
0.010379
0.013985
0.0070895
0.0020023
0.0013882
0.0031323
0.0012968
0.0089072
-0.0013075
0.0023152
-0.006137
-0.0081769
0.0034533
-0.0025582
-0.0046163
-0.0033667
0.0011498
-0.00083844
0.0038276
0.00010655
-0.0079663
-0.0077413
-0.0064253
-0.0073127
-0.0095768
-0.0048583
-0.0014355
-0.0049117
-0.0084499
-0.005924
0.0032741
0.0016354
0.0069715
0.0014144
-0.0011855
-0.00080269
-0.0040953
-0.0069769
-0.0012115
-0.0055634
-0.004857
-0.0096033
-0.013263
-0.0069886
-0.0029597
-0.0079013
-0.00040352
-0.00027407
-0.0010101
0.0041753
0.0087183
0.010197
0.013996
0.0089762
0.0065353
0.0074112
0.0079982
0.010208
0.0080433
0.010955
0.0053575
0.0070575
0.014664
0.0078215
0.012049
0.011193
0.014764
0.0067797
-0.010825
-0.025726
-0.0089827
-0.0055264
0.0055061
0.0022234
0.010338
0.006761
0.012226
0.0081124
0.013498
0.0096253
0.002128
-0.0068091
-0.02805
-0.03082
-0.013696
-0.0034481
-0.002833
-0.016558
-0.01102
-0.0012529
0.0065861
0.0033533
0.0062532
0.010063
0.0099273
0.0028813
0.0013093
0.0041584
-0.001982
-0.00065177
-0.0053561
-0.0067955
-0.011184
-0.0063737
-0.0086306
-0.0051602
-0.0017814
-0.013932
-0.024014
-0.019556
-0.02161
-0.037186
-0.026714
-0.042336
-0.035955
-0.02045
-0.011863
0.010011
0.024154
0.024915
0.02171
0.025612
0.024394
0.020999
0.020637
0.016694
0.028635
0.033433
0.025494
0.012778
-0.0045926
-0.013854
-0.010947
0.0023269
0.0074393
0.010446
0.015357
0.010409
0.0061937
0.017799
0.020029
0.019261
0.026027
0.015856
0.0060006
-0.0077007
0.0070607
0.0049412
0.0081083
0.0095182
0.01562
0.0075557
-0.013737
-0.011081
-0.0093403
-0.015725
-0.020584
-0.023467
-0.0089301
-0.0019584
-0.011007
0.0025498
-0.0046797
-0.016397
-0.016208
-0.011113
-0.018075
-0.016958
-0.0029238
0.0078059
0.00039072
-0.0083046
-0.017643
-0.016901
-0.024645
-0.027554
-0.034918
-0.032419
-0.021272
-0.0074604
-0.011854
-0.015132
-0.030288
-0.029195
-0.019872
0.010787
0.020453
0.039909
0.026491
0.045711
0.052249
0.045814
0.037815
0.022729
0.0076253
0.0092116
0.030276
0.014208
0.0060244
4.3221e-05
-0.0066812
-0.0056602
-0.01153
-0.0021108
-0.0026673
-0.015775
-0.01153
-0.015527
-0.016013
-0.023229
-0.014211
-0.023744
0.022348
0.030203
0.018685
0.010799
0.012609
0.0063382
0.0021944
-0.004589
-0.0088331
-0.0077754
-0.00052949
0.020519
0.015716
0.0054158
-0.0039341
-0.0060838
-0.0023877
0.00060165
-0.013135
-0.0064395
-0.0079338
-0.0062433
-0.0094829
-0.0066445
-0.005673
-0.0071805
-0.0046617
0.032577
0.028423
0.012116
0.0083023
0.010599
-0.0026795
0.00039564
-0.0042194
-0.0060727
-0.0081213
0.01725
0.03431
0.024818
0.0157
0.0075976
0.003225
-0.0051243
-0.0083045
-0.0080655
0.0034956
0.0011731
-0.0025788
-0.010241
-0.014549
-0.0097576
-0.015695
-0.015355
-0.021002
-0.024182
-0.014506
-0.020342
-0.021651
-0.028137
-0.024804
-0.025201
-0.021437
-0.025435
-0.019526
-0.025191
-0.02262
-0.0241
-0.029772
-0.03072
-0.028767
-0.025825
-0.023514
-0.0059814
0.01397
0.0072588
0.01189
0.0079444
0.033898
0.028448
0.028479
0.048155
0.060682
0.06684
0.074372
0.071814
0.068667
0.063811
0.046158
0.030854
0.02062
0.0065924
-0.00052348
0.010329
-0.0029347
-0.01048
-0.016263
-0.0013
0.000948
0.0057157
0.00058398
-0.0020226
-0.0023418
-0.0064672
-0.012472
-0.017844
-0.013628
-0.019649
-0.020258
-0.022247
-0.027095
-0.029968
-0.030312
-0.024758
-0.029544
-0.023325
-0.023849
-0.026252
-0.024845
-0.022439
-0.026948
-0.026196
-0.023664
-0.0023677
-0.00019953
-0.0038479
0.024748
0.018194
0.010739
-0.0039101
-0.0045311
-0.00097871
0.018342
0.014147
0.010675
-0.0041755
0.0010013
-0.0031874
-0.0071703
-0.0069573
-0.0088179
-0.00069472
0.035787
0.037026
0.027928
0.032049
0.013652
0.014983
0.0064827
0.0088446
0.0039083
0.0050134
0.00096866
0.0037462
-0.0026481
-0.0044782
-0.0015242
-0.0082106
-0.00014427
-0.0091375
-0.008875
-0.011618
-0.0038323
-0.0027522
-0.0033446
-0.0008889
-0.0059815
0.0025743
-0.0047786
-0.0094979
-0.0063517
-0.0063299
-0.0070464
-0.0067488
0.00069113
0.019572
0.017256
0.015072
0.0011736
0.0025329
-0.001778
0.0016724
-0.0096914
0.00033002
0.00082874
-0.0076202
0.0055077
-0.0021993
0.0072197
0.0027391
-0.0032079
-0.0045114
-0.0021734
-0.0076742
0.002388
0.0095285
0.0023983
0.0016646
0.0032373
0.0027821
-0.0055974
0.0058092
0.0016937
0.0024581
-0.0038432
-0.0047856
-0.0048293
-0.0028659
-0.0040116
-0.0037549
0.0081695
0.0067778
-0.0046426
-0.0030983
0.001653
-0.0066088
0.00093828
-0.001629
-0.0033266
-0.0043499
-0.0089939
-0.002952
-0.0054863
0.0012401
-0.011245
-0.0011165
-0.0085894
-0.011474
-0.0082653
-0.0098286
0.0026052
0.015758
0.024629
0.02344
0.022734
0.02237
0.022309
0.0089638
0.012298
0.0017613
0.0013515
0.0020018
-0.010763
-0.0054584
0.0028709
-0.0079682
-0.013283
-0.0036174
-0.0099869
-0.010957
-0.0061299
-0.012959
-0.012552
-0.012178
-0.017654
-0.0053145
-0.0097564
-0.011348
-0.00666
-0.012336
-0.0043996
-0.010122
-0.010909
-0.0060949
-0.012015
-0.0031635
-0.0093978
-0.012105
-0.01678
-0.01794
0.0073702
0.022955
0.035267
0.026044
0.015713
0.015481
0.042109
0.02776
0.015618
0.012314
0.0045289
0.0044503
9.5677e-05
0.0034542
0.032584
0.045867
0.025182
0.019728
0.0067554
-0.0015218
0.0024215
-0.0032171
-0.0016889
-0.010274
-0.010195
-0.0069135
-0.0063944
-0.011085
-0.0080725
-0.011792
-0.017646
-0.014486
-0.014007
-0.014984
-0.016084
-0.019067
-0.012047
-0.017238
-0.01672
-0.020396
-0.012497
-0.0049346
0.0008115
0.013124
0.0028333
-0.0024331
-0.0044857
-0.0066059
0.001318
-0.014919
0.00079237
-0.0032222
-0.0066566
-0.0088821
-0.0075232
-0.014756
-0.0097666
-0.014089
-0.0066384
-0.0082633
-0.00045316
-0.0011674
-4.5794e-05
-0.0054083
-0.0058128
-0.0076374
-0.0074321
-0.013443
-0.018988
0.00012911
-0.0076168
0.0063063
0.014095
0.023095
0.021021
0.054879
0.060413
0.058033
0.066106
0.056678
0.054314
0.046245
0.033209
0.021723
0.026381
0.011469
0.0090153
0.0023256
-0.003334
-0.01357
-0.014194
-0.0057325
-0.004806
-0.011499
-0.015269
-0.020173
-0.01774
-0.024284
-0.025052
-0.026354
-0.026746
-0.029701
-0.031074
-0.035934
-0.040018
-0.031795
0.015015
0.0050351
-0.0029292
-0.013553
-0.019922
-0.025805
-0.026528
-0.033745
-0.0038082
-0.015026
-0.021019
-0.029089
-0.031606
-0.048123
-0.04176
-0.044012
-0.0017652
0.0029395
0.01792
0.02796
0.033675
0.03579
0.021051
0.025951
0.030516
0.037525
0.038802
0.024085
0.032216
0.019804
0.017236
0.023116
0.017324
0.015974
0.014562
0.006049
0.0096878
0.0088759
0.015239
0.0017263
0.0017962
0.011527
0.010077
0.0038779
0.0079062
0.006653
0.0006469
0.0012992
-0.00075991
-0.0064589
-0.0054209
-0.004399
0.001037
-0.011787
-0.010697
0.0017312
0.0045441
0.013569
0.0078368
0.0045993
-0.0015174
-0.0046072
-0.011718
-0.012415
-0.0094493
-0.025323
-0.027645
-0.021386
-0.019539
-0.023598
-0.030362
-0.020978
-0.01822
-0.014444
-0.014521
-0.012059
0.0055742
0.0053926
0.0023276
0.00080026
0.016147
0.013435
0.0051499
0.0062045
0.004031
-7.2456e-05
0.0033866
0.011035
0.00706
-0.0011702
-0.0020969
0.0096443
0.0082418
0.0039439
0.019169
0.0086227
0.0062085
0.0044558
0.0024704
-0.0043206
0.0099958
0.003032
-0.0084843
0.00036149
-0.0099299
-0.0064394
-0.0047663
-0.010359
-0.009119
-0.012078
-0.0029911
0.0065385
0.01083
0.005004
0.0061946
0.0058741
0.0040522
0.014945
0.017399
0.01133
0.0093129
-0.0018746
-0.0012012
-0.011268
-0.0010268
0.0069362
-0.004101
-0.0039904
-0.013885
-0.015202
-0.0029205
-0.0067656
-0.0053376
-0.004853
-0.0019717
0.0077032
0.0028476
-0.003873
0.0092802
0.0089617
0.0055822
0.0070602
0.00055809
0.00083474
-0.011911
-0.015389
-0.0029496
0.0022874
0.0028654
-0.0061834
-0.002057
-0.0028404
-0.0084876
-0.013598
-0.012264
-0.0096011
-0.0063785
0.0046881
0.01437
0.014918
0.0089582
0.015151
0.0035872
0.0043305
0.00095578
0.0056902
0.0022672
0.0051181
0.0066951
0.010542
0.00078716
0.0068585
0.01262
0.00927
0.0037609
0.0062767
-0.0021974
-0.0095962
-0.0029059
0.0014531
0.012908
0.0033418
-0.0054956
-0.017591
-0.016957
-0.014117
-0.012838
-0.013532
-5.793e-05
-0.0012807
0.00097702
0.00047144
-0.0046874
-0.016284
-0.013872
-0.0016714
-0.0046556
-0.0042402
-0.004804
-0.00010723
-0.0010034
0.0064004
-0.0021368
0.0035555
0.0010005
0.00040103
0.0068507
0.0090289
0.00099355
-0.0011383
-0.0063313
-0.0085908
-0.00052807
0.004659
-0.0025785
-0.0072348
0.006814
0.0013754
0.0056413
0.0084262
0.0155
0.0084276
0.0095626
0.01315
0.012372
0.004429
-0.0061232
-0.0052631
-0.0088763
-0.0096964
-0.0053236
-0.0031576
0.00069326
0.0054451
0.011663
0.0098394
-0.0052588
-0.00181
-0.0056197
-0.003292
-0.0063733
-0.000267
0.015791
0.014646
0.010577
0.0012023
0.013488
0.0070003
0.0057733
0.0018552
0.0029893
0.0059493
-0.0019568
0.0070254
-0.0034437
-0.004046
-0.0067622
-0.0041196
-0.0025923
-0.00074359
-0.012373
-0.0041885
-0.0098425
-0.014801
-0.016901
-0.027131
-0.032099
-0.02706
-0.012874
-0.013628
0.0063624
0.011324
0.013924
0.014581
0.019333
0.016769
0.02134
0.010075
0.011529
4.631e-05
-0.0049036
-3.5566e-05
-0.0034036
-0.0083753
-0.014126
-0.0043143
-0.0055467
-0.00033954
-0.00016026
-0.0043227
0.00030683
0.010536
0.015938
-0.0034753
0.0039954
0.0094134
-0.0018623
-0.00244
-0.013662
-0.0062583
0.0031288
-0.015025
-0.0026977
-0.0037053
-0.0013177
-0.0036973
-0.0027663
-0.0019441
-0.0046565
-0.0093368
-0.0087522
-0.010147
-0.0090734
-0.0009777
0.0068642
0.0051503
0.025735
0.021106
0.023125
0.020791
0.019929
0.024198
0.014862
0.0024356
0.014071
0.0060075
0.0032475
-0.0073094
-0.016873
-0.0061082
-3.6561e-05
-0.011204
-0.0013473
-0.0045594
0.0064436
-0.0025226
-0.012589
-0.013452
-0.019889
-0.0066873
-0.0030775
0.0010233
0.0043603
-0.0049835
-0.0051482
0.0064541
-0.0077662
-0.024452
-0.013996
-0.014015
-0.010494
-0.0002057
0.00024256
-0.010922
-0.023713
-0.0091029
-0.0044211
-0.012114
-0.015936
-0.021094
-0.025249
-0.034875
-0.030019
-0.035787
-0.043296
-0.027089
-0.0098926
0.0046436
-0.004831
-0.00022465
0.0098228
0.014691
0.0026437
-0.0039659
0.015523
0.016865
0.0039037
0.011141
0.017422
0.015309
0.018336
0.022386
0.020912
0.01741
0.017178
0.016278
0.0060764
-0.0037837
0.0043851
0.0093201
0.013338
0.023215
0.02342
0.020795
0.018612
0.0087681
0.0068075
-0.012798
0.0016254
0.016962
0.0039384
-0.0041016
-0.018299
-0.0021382
0.008169
0.012708
0.0051077
0.0020293
0.0087727
0.0098097
0.008656
0.026593
0.033097
0.011978
0.02071
0.011838
-0.0012867
-0.0090925
-0.016198
-0.017466
-0.022038
-0.013441
-0.014956
-0.019027
-0.021198
-0.027163
-0.038263
-0.027874
-0.025545
-0.01386
-0.019316
-0.00501
-0.016557
-0.027802
-0.028157
-0.010262
-0.010163
-0.012826
-0.028775
-0.011795
-0.012151
-0.0075759
-0.0077989
-0.0084498
-0.0096233
-0.0023214
-0.0072237
-0.004507
0.00015539
0.015296
0.024731
0.032647
0.024408
0.023882
0.018906
0.023884
0.017946
0.0096577
0.0077136
0.016556
0.010839
0.0049226
0.019123
0.027475
0.023711
0.021786
0.017324
0.020245
0.017451
0.025583
0.010626
-0.0076203
-0.0048628
0.0047147
-0.008475
-0.013191
-0.011123
-0.015768
-0.015279
-0.0017195
-0.0026502
0.0070631
0.0049909
0.022145
0.018537
0.01013
-0.0085673
-0.0092009
-0.010943
-0.0055247
-0.022287
-0.025662
-0.025022
-0.02009
-0.026247
-0.0223
-0.02818
-0.021641
-0.017844
-0.020818
-0.015325
-0.012866
-0.0031635
0.020698
0.028587
0.022609
0.017327
0.008659
-0.00085154
0.0070703
0.014087
0.010063
0.015281
0.0096665
0.013618
0.015041
0.010594
0.00011919
0.00088641
0.00097738
-0.013099
-0.015496
-0.010391
-0.0066008
-0.0070999
-0.0022769
-0.006021
-0.013218
-0.015821
-0.010054
0.0016938
0.004602
-0.0015183
-0.007685
-0.0050115
0.0025384
0.015981
0.0090171
0.0085489
0.0046993
0.0092618
0.0098888
0.0090152
0.0086763
0.0011564
0.0040405
0.0067544
-0.00058509
-0.0013724
0.002836
-0.0057707
-0.001851
-0.0038099
-0.010353
-0.0049339
-0.0060806
-0.002729
-0.0039728
0.00051826
-0.0011986
0.0065728
-0.0042726
-0.0060368
-0.0017478
-0.005192
-0.0066365
-0.0028663
0.0022516
0.0042724
-0.0039054
0.0057737
-0.0048173
-0.0045328
0.0033496
0.0084547
0.0043959
-0.00099992
0.014587
0.0024105
0.0020531
-0.0040654
-0.014219
-0.012534
-0.0053536
-0.0061034
-0.0043041
0.0014393
-0.0088647
0.0042256
0.0073775
0.013014
0.0054978
0.016987
0.021122
0.020963
0.0072813
0.005642
0.0071805
0.012943
0.0023666
0.0078489
-0.001651
0.0016991
0.0046695
0.014187
0.0079252
0.0067875
0.010337
0.007551
0.0072268
0.0045246
-0.0049433
-0.011474
-0.011634
-0.024726
-0.012471
-0.0023013
0.0079793
0.0028977
0.007422
-0.010731
-0.022228
-0.03527
-0.039987
-0.029658
-0.0063081
-0.0065491
-0.019127
-0.018365
-0.015207
-0.00628
-0.017999
-0.023395
-0.026617
-0.033443
-0.022434
-0.0063908
0.0013543
-0.0078057
-0.0042657
0.011204
0.020479
0.024325
0.029513
0.023838
0.019695
0.017813
0.025469
0.021562
0.016343
0.024403
0.010841
0.014202
0.015466
0.012159
0.024978
0.020768
0.0308
0.021738
0.012203
0.0091052
-0.00077309
-0.0066896
-0.012958
-0.026518
0.00010367
0.0037622
0.0056322
0.012871
0.014729
-0.0023867
0.0028526
-0.0083687
-0.0072397
-0.016923
-0.0080246
-0.017045
-0.012612
-0.00046918
-0.00057304
0.0030519
0.0072067
-0.012997
-0.011605
-0.024205
-0.01123
-0.020273
-0.026893
-0.029882
-0.031456
-0.026415
-0.034019
-0.0014262
0.00213
0.0060271
-0.0020572
0.00039309
-0.001718
-0.0020523
0.0028456
0.021097
0.0092497
0.0056995
0.011034
0.0096158
0.015167
0.035204
0.038243
0.03902
0.037424
0.016169
0.0021071
0.012429
0.015748
0.0091043
0.0074734
-0.005004
0.0020513
-0.0066057
0.001275
-0.0027039
-0.018758
-0.023081
-0.017683
-0.010096
-0.015276
-0.01896
-0.020678
-0.029489
-0.029048
-0.022902
-0.027314
-0.030652
-0.018216
0.0078601
0.0064588
-0.0057663
0.0033383
0.024587
0.033194
0.035019
0.037982
0.025272
0.0084023
0.00028806
0.0059525
0.022238
0.0074384
-0.0018436
-0.006833
-0.011852
-0.015933
-0.019423
-0.023123
-0.0023411
0.0064707
7.7855e-05
-0.0066877
-0.01366
-0.016186
0.0055395
-0.00029108
-0.0090326
-0.015101
-0.011575
-0.027009
-0.020462
-0.012392
0.020082
0.01187
0.0031557
-0.0061024
-0.0048341
0.012968
0.039547
0.043312
0.036676
0.033922
0.015142
0.020584
0.029705
0.019178
-0.0015769
0.003113
-0.002381
-0.0010528
-0.0047327
-0.0046587
0.0033521
0.0094624
-0.0020361
-0.0036446
0.0022703
-0.0074725
-0.010056
-0.018748
-0.018465
-0.010855
0.012072
0.012006
-0.0028864
-0.0021332
-9.503e-05
-0.014765
-0.01499
-0.010712
-0.0019132
0.0059193
-0.0045301
-0.0042798
-0.011484
-0.016499
-0.017125
-0.024952
-0.0063951
-0.010634
-0.023692
-0.016977
-0.017778
-0.016402
-0.028445
-0.025336
-0.02482
-0.03186
-0.020262
-0.020588
-0.016788
-0.0098615
0.01101
0.018323
0.039097
0.062783
0.061938
0.049311
0.042235
0.029384
0.024882
0.013705
0.015334
0.019028
0.0084354
0.013086
0.011098
0.015219
-0.0020363
-0.0083495
-0.0048502
-0.0045621
-0.011357
-0.015506
-0.013626
-0.0084846
-0.017157
-0.021295
-0.010553
-0.0045451
0.0056537
0.0025793
-0.010592
-0.004644
0.0063167
0.0029
0.0020767
0.0093775
0.021175
0.011449
0.0068868
-0.0063164
-0.014888
-0.0066117
-0.014619
-0.011687
-0.010974
-0.0026376
-0.011622
-0.0018241
0.014708
0.0092621
-0.0013129
-0.0071054
-0.0075993
-0.0017066
0.0080249
0.021137
0.019924
0.0046794
-0.0091992
-0.0078356
-0.01156
-0.026659
-0.033524
-0.02256
-0.0042607
0.012476
0.012526
0.0042384
-0.0096711
-0.0067406
-0.0020389
0.010452
0.0092136
-0.0040002
0.0051602
-0.0017387
0.0033554
-0.0018857
0.0068517
0.0093613
0.011193
0.015338
0.0097493
0.0044319
2.0484e-05
0.0027601
0.0076808
-0.0021658
-0.0016733
-0.0092576
-0.018187
-0.02241
-0.0055082
0.012677
0.0041874
0.0025878
0.0018427
0.0052702
-0.00056664
-0.002211
0.0021368
-0.0049587
-0.00047326
-0.0040302
-0.002424
0.0035634
0.006411
0.00089353
0.002164
0.0022759
0.0030199
0.0011319
0.0071316
0.0048808
0.0014741
0.00098381
0.0037911
0.0037249
0.002325
0.00097048
-0.0018899
-0.0034952
-0.0036646
-0.0030365
0.0040023
0.0069749
0.0099766
0.008201
0.0016856
-0.0075492
0.0054641
0.01032
-0.0020636
-0.0072436
0.0027143
0.011478
0.009935
-0.0056238
-0.0086266
-0.010543
0.0074009
-0.0018356
0.0067271
-0.00049813
-0.0033131
-0.017912
-0.0080668
-0.01561
-0.014042
-0.015077
-0.0005645
-0.0055228
-0.0051318
-0.0062241
-0.0097837
-0.016969
-0.013646
-0.021902
-0.0021797
0.0011897
-0.0089838
-0.0088254
-0.0027768
-0.0049141
-0.013229
-0.015765
-0.018082
-0.0012055
0.0024074
0.016351
-0.0034597
0.015482
0.015256
0.011911
0.0058393
0.0017313
0.013844
0.021296
0.013439
0.01424
0.03058
0.016992
0.023057
0.027168
0.025765
0.026044
0.021884
0.018141
0.0068091
0.0064361
-0.0010487
0.0084988
-0.0034907
5.6622e-05
-0.0061953
-0.013944
-0.0094381
0.0021007
-0.010932
-0.0085059
-0.0048913
0.0049402
-0.0037738
-0.011219
-0.01142
-0.0017449
0.0033539
0.012455
0.0011902
-0.00019453
-0.011906
-0.014512
-0.0091895
0.0021719
0.0092442
0.0052092
-0.0075828
-0.021441
-0.030471
-0.032728
-0.03237
-0.017059
-0.01669
-0.0029495
-0.013706
-0.012541
-0.022764
-0.014836
-0.013529
-0.014615
-0.013971
-0.0063503
-0.016401
-0.012675
-0.0089237
-0.023903
-0.00036014
0.01921
0.033372
0.027983
0.023541
0.017818
0.010266
0.027237
0.030178
0.0075327
0.014569
0.0077932
0.012612
0.021366
0.017923
0.012283
0.0075399
0.012422
0.017272
0.010034
0.009493
0.021535
0.0060221
-0.0086947
-0.015813
0.011512
0.011132
0.00040494
0.00064355
-0.0060404
0.010469
0.0081276
0.013305
0.0052692
-0.0032465
-0.010957
-0.011221
-0.011472
-0.0083719
-0.022435
-0.029211
-0.038917
-0.017686
-0.019864
-0.027188
-0.01305
-0.0025374
-0.0093205
0.0098924
0.0030304
0.0067404
0.015085
0.0099465
0.0046632
0.0077503
0.00041879
-0.017078
-0.021
-0.0011045
-0.01012
-0.007087
-0.0024115
0.018516
0.0051033
-0.012287
-0.014919
-0.012151
0.010651
0.023483
0.020159
0.0097103
0.011671
0.0077017
0.0096802
0.0086397
0.011443
0.011096
0.0074096
0.0038806
0.01604
0.0089199
0.010017
0.0011682
-0.0036563
0.0090476
0.0142
0.011229
0.0012201
0.0046332
-0.0068371
-0.0046482
-0.0021553
-0.019214
-0.0052106
-0.011126
-0.017807
-0.016234
-0.012492
-0.027322
-0.021452
-0.0061758
-0.0079286
-0.0022543
0.0010733
0.00040654
0.0028503
0.0010749
-0.001127
0.007279
0.00073634
0.0011827
0.0056955
0.0025676
-0.0039509
-0.0064742
-0.0033103
-0.0022904
-0.0018887
-0.0020955
-0.0016647
-0.0024947
-0.012022
-0.026108
-0.027445
-0.012799
0.0040154
-0.0023334
0.001923
-0.0042647
0.0021708
0.0068261
0.0045915
0.006067
0.01179
0.0091473
0.014533
0.015754
0.010018
0.0098656
0.0023723
-0.012909
-0.012858
0.012987
0.012304
0.0029356
0.0057847
0.012283
0.017423
0.014815
0.016102
0.008351
0.013844
0.026441
0.026147
0.028915
0.0070427
-0.0032068
-0.00095416
-0.0064977
-0.0019313
0.005973
-0.0058971
0.0056955
0.014592
0.017377
0.01755
0.017636
0.007525
-0.0026768
-0.014862
-0.014429
-0.011603
-0.014173
-0.005516
-0.015518
-0.016606
0.00032838
-0.017987
-0.0096182
-0.0067658
-0.014658
-0.016161
-0.018973
-0.021764
-0.0018269
0.0054931
0.0041393
-0.007192
2.6699e-05
-0.013202
-0.0087205
-0.01392
-0.024036
-0.029435
-0.0089659
-0.023824
-0.024773
-0.032025
-0.020553
-0.0036536
-0.016256
-0.025627
-0.0099962
-0.020116
-0.014584
-0.0026368
0.016445
0.010857
0.011369
0.0073516
-0.010361
-0.017272
-0.016954
-0.0069796
0.0061857
0.025066
0.022455
0.022768
0.024088
0.020219
0.033832
0.033429
0.018618
-0.0027504
-0.006057
0.0092174
0.033109
0.037468
0.022233
0.014124
0.026258
0.022523
0.02199
0.011709
0.017975
0.016647
0.026412
0.0051944
0.018595
0.032224
0.039869
0.044192
0.038274
0.03452
0.011905
0.0026964
0.0078099
-0.0039053
-0.0079494
-0.0078684
-0.019497
-0.026668
-0.019943
-0.014631
-0.022731
-0.029132
-0.02527
-0.029791
-0.039441
-0.032745
-0.022844
-0.023782
-0.03414
-0.025938
-0.017147
0.00071674
-0.0048142
-0.019429
-0.031055
-0.025915
-0.028764
-0.043669
-0.037381
-0.051756
-0.053236
-0.05487
-0.035912
-0.0099912
-0.0065864
8.3461e-05
0.013403
0.021617
0.023151
0.034075
0.024867
0.022907
0.026816
0.031473
0.03575
0.031533
0.026829
0.013304
-0.00049185
0.0060455
0.009183
0.013078
0.013317
0.010939
0.0093194
0.0058959
0.012052
0.015
0.01345
0.014381
0.015815
0.020686
0.016927
0.016296
0.013049
0.00045623
-0.0095204
-0.0091868
-0.017844
-0.014958
-0.0044477
0.0043423
-0.004925
-0.014258
-0.009425
-0.012047
-0.0054122
-0.0013312
-0.003761
0.0018552
-0.00082625
-0.00040126
-0.007936
-0.0038254
-0.0041833
-0.00081526
-0.0034929
0.00032545
0.011987
0.016121
0.018068
0.026227
0.023745
0.02156
0.017629
0.02373
0.019281
0.017632
0.016421
0.010775
0.012753
0.0057816
-0.0031159
-0.0038613
-0.0068482
-0.021985
-0.02367
-0.015645
-0.015966
-0.01661
-0.022485
-0.030111
-0.028675
-0.017421
-0.024259
-0.021199
-0.013152
-0.021264
-0.0078243
-0.014169
-0.014053
-0.018985
-0.021908
-0.013359
-0.0067241
-0.016261
-0.01725
-0.022883
0.0029855
-0.0032257
0.0028456
0.02316
0.016561
0.00017812
0.0032541
-0.010667
-0.0011836
-0.0069047
-0.002814
-0.0019599
0.021427
0.033911
0.047915
0.043631
0.036067
0.024824
0.0088754
0.0080965
0.012744
0.0061684
0.018393
0.0070393
0.0041708
0.0048322
0.0043509
0.011067
-0.00082255
-0.0044171
-0.0052328
0.0051219
-0.0014417
-0.0078364
-0.0094007
-0.010817
-0.019921
-0.022993
-0.027343
-0.024784
-0.026371
-0.027683
-0.018389
-0.022581
-0.026111
-0.0096621
0.028928
0.013909
0.015272
0.017629
0.0034982
-0.0036069
0.0092459
0.011813
0.0069807
-0.0010094
0.020586
0.021198
0.0093614
0.032592
0.022116
0.020112
0.0075956
0.001839
0.014792
0.01601
0.015513
0.010388
-0.0015571
-0.003763
-0.00016885
-0.0057897
-0.0057121
-0.0048651
-0.0013977
-0.010669
-0.010829
-0.011258
-0.011757
-0.01449
-0.010767
-0.0054471
-0.0086235
-0.010603
-0.011914
-0.017974
-0.013069
-0.018496
-0.012158
-0.0051625
-0.018445
-0.010492
0.010397
0.021498
0.025362
0.014621
0.018534
0.013045
0.034157
0.01793
0.0094155
0.0018422
0.0028247
0.0018269
0.02211
0.0065832
-0.0026867
-0.010691
-0.010777
-0.02335
-0.019756
-0.017035
-0.019402
-0.026601
-0.024849
-0.027408
-0.026649
-0.030997
-0.029538
-0.029692
-0.026803
-0.0089679
0.00067306
0.00079828
-0.0062196
-0.0042965
0.0030773
-0.0032278
0.013793
0.014306
0.010982
0.011037
0.00019249
-0.015869
-0.007298
0.017305
0.0066278
-0.006233
-0.00033691
0.015585
0.028165
0.045635
0.052635
0.057998
0.051871
0.050129
0.051984
0.03959
0.025324
0.011384
0.003227
0.0041855
0.00439
-0.0064108
-0.009288
-0.012183
-0.022038
-0.022377
0.0057589
-0.0043587
-0.0018474
-0.019536
-0.015868
-0.02205
-0.021032
-0.0085452
0.0018941
-0.0080259
-0.0030298
-0.01105
-0.014256
-0.018244
-0.0184
-0.019794
-0.023865
-0.021847
-0.017006
-0.014903
-0.019364
-0.013849
-0.0087288
-0.01542
-0.0044948
0.030636
0.019185
0.0077515
0.001824
0.0014885
-0.00089755
0.0123
0.015578
0.0029054
0.0057349
0.0005735
0.0022358
0.0063938
0.0040514
0.0021913
0.0015958
0.0016675
0.0015192
0.0047397
0.0006607
-0.003705
0.0024106
0.0040461
-0.0011792
0.0028397
0.0039054
0.0010747
0.005339
-0.0010912
-0.0041751
0.0031438
0.014325
0.0023224
0.00028705
0.0047149
0.0053368
0.00048684
-0.0055876
0.014792
0.00050171
-0.0018285
0.0058897
-0.0040936
-0.00061221
-0.0090708
-0.00025199
0.0020005
-0.0074216
-0.0099039
-0.0095052
-0.014027
-0.0028305
-0.0033274
-0.015146
-0.013601
-0.012556
-0.011864
-0.018236
-0.0023423
-0.013624
-0.0057904
-0.010593
-0.022926
-0.018826
-0.0076814
-0.018388
-0.0069053
-0.0031485
0.027746
0.027631
0.024339
0.031785
0.023745
0.024671
0.03491
0.044585
0.039029
0.022679
0.010502
0.0016674
-0.0029918
-0.011312
-0.013319
0.0068778
0.011578
0.0079112
0.012704
0.0037913
-0.0006053
-0.010068
-0.013418
-0.0082896
-0.01618
-0.019405
-0.02267
-0.020944
0.014144
0.011339
0.018068
0.0055286
-0.0019621
-0.0044833
-0.0078821
-0.0093886
-0.0090055
-0.020054
-0.014859
-0.017658
-0.014733
0.0062618
0.014825
0.017841
0.0026752
0.0029316
0.00042893
-0.0033054
-0.0049907
-0.0026743
-0.0031738
-0.006844
-0.0078446
0.00090429
-0.00052576
-0.010055
-0.0056836
-0.0067987
0.0014196
0.00099011
-0.0035705
0.00068647
-0.0051371
-0.004516
-0.0057683
-0.0043054
-0.0019446
-0.0059328
-0.0080165
0.0012054
-0.006809
-0.0038709
0.0096366
0.016754
0.0099042
0.009571
0.012159
0.011615
0.0049146
0.0010165
0.0023163
-0.0040846
0.0054154
-0.0042781
0.001642
0.017128
0.0083039
0.0034569
0.0025187
-0.0010261
0.00091475
-0.0050544
-0.0033625
0.0040175
-0.0010876
-0.0061428
-0.0020155
-0.010821
-0.0032474
-0.0096883
-0.003331
-0.0086712
-0.014266
0.013279
0.034908
0.017385
0.012063
0.0039928
0.0089532
-3.4284e-05
-0.0071754
-0.0017332
-0.0096292
-0.010044
-0.0062674
-0.014816
-0.008629
-0.010772
0.0077068
0.0088771
-0.0025143
-0.0022922
0.0045079
-0.0026637
-0.0051196
-0.0055368
-0.0032865
-0.0070119
-0.0056873
-0.013558
-0.0084445
-0.003144
-0.0071297
-0.0034841
-0.009924
-0.012058
-0.0057709
-0.0074081
-0.0079574
-0.0041613
-0.0042949
-0.0066727
-0.0096507
0.027182
0.031528
0.040523
0.031601
0.022535
0.017823
0.013904
0.013119
0.0074594
0.0084934
0.0019468
0.0035141
0.0054301
-0.0018953
0.012592
0.011163
0.01261
0.0054787
-0.00066668
0.0037797
0.0026468
-0.0046217
-0.0039368
-0.0022821
-0.0053977
-0.0059798
-0.0077186
-0.0042758
-0.0025677
-0.0013902
-0.014613
-0.0099212
-0.0033641
-0.0030831
-0.0080344
-0.0049892
-0.011144
-0.011016
-0.006534
-0.018892
-0.016961
-0.016111
-0.0085646
-0.018167
-0.02344
-0.016544
-0.018235
-0.022263
-0.01601
-0.012772
-0.019597
-0.014963
-0.004494
-0.0056947
-0.0014372
0.014519
0.0086205
0.0076882
0.015236
0.0076925
0.011977
0.02266
0.016046
0.033043
0.032185
0.028199
0.022314
0.025316
0.011011
0.0080935
0.0074467
0.008728
0.010365
0.0020865
-0.0094232
-0.018459
-0.012248
-0.012207
-0.017039
-0.011123
-0.0056857
0.0053622
0.0026726
0.0014219
-0.0015677
-0.005259
-0.0013419
-0.0053111
-0.01997
-0.0078253
-0.018847
0.0020748
0.014939
0.0068021
0.0022246
-0.0046812
0.0036445
0.0048099
-0.0011999
9.8438e-05
0.026554
0.02672
0.026799
0.0023008
0.0037891
-0.0033283
0.010379
0.015872
-0.0030224
-0.0068834
-0.013272
-0.017498
-0.020714
-0.02267
0.0017243
0.028503
0.039317
0.03099
0.028644
0.015781
0.0090438
-0.004378
-0.0056872
0.00051738
-0.011517
-0.0083414
-0.010887
-0.013821
-0.010026
-0.015521
-0.027586
-0.023357
-0.02175
-0.020927
-0.003498
-0.005959
-0.0029481
-0.016035
-0.011872
-0.0026746
-0.0086769
-0.0032759
-0.0099399
-0.012443
-0.01462
-0.010341
-0.0084532
-0.0047659
0.0093558
0.0080695
0.011379
0.013332
0.011418
0.0062402
-0.0064446
-0.0018457
-0.0015037
-0.0095474
-0.0014082
-0.0056687
0.00044258
-0.0055907
-0.0056395
-0.010132
-0.0042377
-0.0033271
0.013108
0.0069395
-0.0042779
0.0012382
0.0053478
0.0025143
-0.0052757
-0.0066217
0.037259
0.036857
0.046652
0.03908
0.030746
0.023314
0.013749
0.014838
0.0084737
0.003526
8.7522e-05
-0.004274
0.0055286
-0.0060732
-0.0078391
-0.006967
-0.0060873
-0.010708
-0.012688
-0.012009
-0.012321
-0.016355
-0.014593
-0.018065
-0.014209
0.011539
0.018383
0.0095665
0.003808
0.003496
0.009096
0.015191
0.026523
0.00095753
0.0050619
-0.0043265
-0.0071377
-0.0042806
0.01953
0.027831
0.0095894
-0.00020467
-0.0010351
-0.0069481
-0.012564
-0.016264
-0.013175
-0.012326
-0.019654
-0.014841
-0.020206
-0.02129
-0.033004
-0.022608
-0.024098
-0.030072
-0.025614
-0.022994
-0.025164
-0.027707
-0.021434
-0.028343
-0.028363
-0.02478
-0.026462
-0.024346
-0.038396
-0.029517
-0.032051
-0.02967
-0.0042799
0.038418
0.058581
0.062032
0.065077
0.074129
0.072152
0.069282
0.069481
0.057903
0.05708
0.060576
0.039034
0.020871
0.021652
0.010251
0.0053103
0.0067764
0.0061574
-0.00032846
-0.00068964
-0.0058039
-0.007691
-0.014162
-0.020752
-0.016198
-0.016652
-0.015004
-0.019237
-0.021656
-0.012488
-0.0022422
-0.012737
-0.013399
-0.020198
-0.019994
-0.014413
-0.014257
-0.024391
-0.018058
-0.021782
0.0051121
0.011893
0.0063784
-0.0083041
0.0007113
-0.0060034
-0.01055
-0.0099233
-0.010696
-0.018426
-0.013368
-0.013742
-0.014183
-0.018145
-0.01274
-0.0065746
-0.014924
-0.01172
-0.0071204
-0.0034325
-0.011886
-0.0080449
-0.012405
-0.010416
-0.007659
-0.012574
0.013758
0.038725
0.029903
0.035239
0.024557
0.027049
0.025362
0.021299
0.012732
0.0073582
0.0046048
0.0043489
0.0038229
0.00036961
-0.0050005
-0.0078552
-0.0066539
-0.0055954
-0.0081073
-0.0041941
-0.0074305
-0.0056467
-0.0084546
-0.012025
-0.0016204
-0.01149
-0.0045487
-0.011133
-0.0021329
0.0069246
0.025531
0.033108
0.038886
0.034966
0.02433
0.020735
0.017125
0.01317
0.0050242
-5.9914e-05
0.0025709
-0.00026915
0.0021898
-0.0020074
-0.001133
-0.010059
-0.0011981
-0.006253
-0.0013317
-0.0062873
-0.0054573
0.00078544
-0.0075652
-0.0078863
-0.013108
-0.011992
-0.011128
-0.0091785
-0.008644
-0.0096666
-0.012012
-0.010362
-0.0090619
0.011776
0.0049966
0.00080181
-0.0038682
-0.0061232
-0.0038399
-0.0041801
-0.011385
-0.011205
-0.013118
-0.011315
-0.0087482
-4.0866e-05
-0.004932
-0.0042691
-0.0027333
0.00094878
0.00077886
-0.0085788
-0.015633
-0.0089085
-0.0049977
-0.016078
-0.014526
-0.012777
-0.0023892
0.0058485
0.0061594
-0.0034829
-0.008356
-0.012906
-0.017724
-0.0077084
-0.014579
-0.0075474
0.017143
0.022238
0.028613
0.022555
0.032842
0.034892
0.056089
0.040318
0.036298
0.017561
0.011777
0.0029917
0.00214
0.004514
0.016435
0.0045931
-0.0034913
-0.0054854
0.0025883
-0.0059389
-0.0053425
-0.0064821
-0.011667
-0.0094824
-0.0076073
-0.0079465
-0.012807
-0.012007
-0.016137
-0.015443
-0.0093037
-0.016898
-0.006373
-0.0040692
-0.0086525
-0.0020008
-0.0082586
-0.010919
-0.0016321
-0.0056727
0.0017382
-0.0039749
-0.010677
-0.0042824
-0.0070822
0.024097
0.023497
0.012882
0.010174
0.0047954
0.0029113
0.0036674
0.010529
-0.002777
-0.0050356
0.024307
0.018989
0.015463
0.018201
-0.00049887
0.0070405
0.0014595
-0.00034244
0.004858
-0.0021392
0.00042942
-0.0059764
0.0018435
-0.0042172
-0.0096163
-0.0099617
-0.011747
-0.0046587
-0.011039
-0.0077471
-0.0023638
-0.016076
-0.008189
-0.01392
-0.016038
-0.011923
-0.012186
-0.021791
-0.027928
-0.021106
-0.018491
-0.017289
-0.0088556
-0.0083106
-0.008954
-0.013686
-0.015846
-0.00373
0.012455
0.012819
0.010042
0.009687
0.02499
0.013285
0.012598
0.009917
0.016128
0.012971
0.011493
0.020234
0.027315
0.030413
0.016516
0.018938
0.024318
0.027149
0.015952
0.016104
0.0098349
0.005879
-0.0092785
-0.011627
-0.013439
-0.021218
-0.018409
-0.021519
-0.014971
0.00059813
0.0062448
0.011682
0.0082677
0.014127
0.0041435
-0.011988
-0.014425
-0.0011116
-0.0020368
0.0018027
-0.0043975
-0.0062546
0.0015442
-0.0013793
-0.005285
-0.019311
-0.013009
-0.02387
-0.02406
-0.017453
-0.010555
-0.0074769
-0.0049072
-0.0037034
-0.0015478
0.0022185
0.0051878
0.0061881
-0.0018305
0.0083007
0.0079788
0.0038841
0.0063943
0.0019736
0.010971
0.0044942
0.014115
0.011506
0.009522
0.0047809
0.012483
0.0041531
-0.0036769
-0.0013764
0.000373
0.0035336
0.0045254
-0.0051142
-0.0062729
-0.012844
-0.012935
0.0018229
-0.0067125
-0.0088157
-0.0059646
-0.011125
0.019367
0.020666
0.009449
-0.0023386
-0.0014466
-0.010034
0.0055255
0.014376
0.018655
0.017253
0.0044427
-0.007379
-0.002747
-0.009561
-0.0083858
0.011674
0.0025471
-0.0044092
-0.012393
-0.015577
-0.00096558
0.011236
0.0039591
0.0010279
-0.0097686
-0.0094888
-0.014527
-0.015337
-0.013267
-0.0018106
0.002717
-0.0026056
-0.011174
0.0071297
0.015331
0.013298
0.013329
0.0092273
0.0004119
-0.0032781
-0.0057258
-0.005228
-0.0080506
-0.0074662
-0.008155
-0.0086877
0.02338
0.024832
0.013745
0.002144
0.00058262
-0.0090529
0.0010146
0.0012297
-0.0065854
-0.0082978
0.0092191
-1.8657e-05
0.00098721
-0.0065987
-0.0036545
-0.011062
-0.01332
-0.0062416
-0.013788
-0.003702
-0.0086836
-0.0089246
-0.0082753
-0.01081
-0.01503
-0.017371
-0.014316
-0.012735
-0.0075942
-0.0059276
-0.014726
-0.020261
-0.0010512
0.0040589
-0.003227
0.021043
0.035759
0.053201
0.040043
0.024935
0.018662
0.0074598
0.015201
0.010732
0.0083
0.0025859
-0.0014917
0.0089143
0.015064
0.022104
0.012269
0.014414
0.0087037
0.0087499
0.011026
0.0049839
7.6893e-05
-0.0025136
0.021239
0.020131
0.01006
0.0097665
0.0020684
-0.003466
0.0024271
-0.0015034
-0.0028
-0.0054184
-0.012541
-0.0062625
-0.01304
-0.0076555
-0.014016
-0.016732
-0.019965
-0.0226
-0.021711
-0.023507
-0.017533
-0.029134
-0.026433
-0.022706
-0.03182
-0.033352
-0.032265
-0.028944
-0.037144
-0.029863
-0.028747
-0.027003
0.0013215
-0.0030384
0.025328
0.011628
0.01428
0.0081319
-0.0090686
-0.014861
0.021379
0.023218
0.016796
-2.0424e-05
-0.010207
-0.005763
-0.011039
-0.01798
0.012192
0.02929
0.026845
0.027001
0.029038
0.028475
0.032173
0.023728
0.020612
0.02958
0.03446
0.035068
0.035993
0.039522
0.029539
0.025113
0.022988
0.0081614
0.0004329
0.0045784
0.012883
0.0081491
-0.009051
-0.016989
-0.016249
-0.024962
-0.029824
-0.024498
-0.011411
0.0035653
0.0042832
-0.0014687
0.0016926
-0.011021
-0.010915
-0.0076817
-0.0077831
-0.0014927
-0.01119
-0.013739
-0.0057589
-0.0013365
0.0092553
-0.0055349
-0.0090072
-0.0082746
-0.011744
-0.014049
-0.018769
-0.019893
-0.015557
-0.0060802
-0.013567
-0.0090746
-0.0043156
-0.0094176
-0.019932
-0.015905
-0.0026403
-0.013241
-0.013931
-0.0022155
-0.010268
-0.015746
-0.013948
-0.013793
-0.005625
-0.012242
-0.015082
-0.018431
-0.0050441
0.005707
0.012991
0.015352
0.0021785
0.0066789
0.015622
0.018148
0.028526
0.022915
0.021764
0.018141
0.015495
0.019713
0.015232
0.018045
0.024773
0.018369
0.022994
0.029618
0.019364
0.014172
0.013899
0.0089667
0.016303
0.016335
0.020681
0.0095414
-0.0036597
-0.0016791
-0.0061437
-0.014532
-0.026415
-0.03914
-0.03558
-0.029273
-0.015397
-0.0055773
-0.008425
-0.001529
-0.0076809
-0.012915
-0.000555
-0.0078543
0.0035935
-0.0061918
-0.0098042
-0.0049587
0.0027921
-0.0027678
-0.013392
-0.01361
-0.022392
-0.022512
-0.013654
-0.011162
-0.016742
-0.0078091
0.013366
0.013483
0.021784
0.026278
0.025098
0.019555
0.027387
0.022674
0.022523
0.025023
0.02152
0.033482
0.023303
0.0095594
0.017892
0.0078247
0.0025305
-0.0056482
-0.017218
-0.019114
-0.020532
-0.022661
-0.023942
-0.021225
-0.017039
-0.021615
-0.020048
-0.022942
-0.024851
-0.038545
-0.038157
-0.029833
-0.028831
-0.027961
-0.022542
-0.009633
-0.0052352
0.006316
0.022995
0.024203
0.023055
0.019363
0.018753
0.014891
0.020489
0.027073
0.022372
0.0087251
0.008102
0.0098494
0.01137
0.01263
0.014598
0.017925
0.023771
0.0073091
0.0094569
0.008887
0.0035614
0.0057676
-0.0039989
0.0055475
0.0071912
0.016141
0.0035259
0.0025497
-0.0025402
0.0013158
-0.0040246
-0.0042696
-0.0013679
0.0069178
-0.0046875
-0.018459
-0.027645
-0.021994
-0.024252
-0.009346
-0.0062347
-0.0078394
-0.0040885
0.0027651
0.0036954
-0.0081685
-0.0085096
-0.0029302
-0.011746
-0.018302
-0.013985
-0.004542
0.0043987
0.0023321
0.0040714
0.0052088
0.0092622
0.00039719
-0.0071444
-0.0059227
-9.9123e-05
-0.0095174
-0.012057
-0.019144
-0.01774
-0.026332
-0.01098
0.0028403
0.010603
0.014217
0.020374
0.018318
0.012621
0.0081735
0.0072024
0.0087182
0.0035306
0.0083262
-0.0007365
0.0025518
0.013603
0.011738
0.015128
0.031619
0.015707
0.02146
0.010332
0.012822
0.0088497
0.001837
-0.0010248
-0.0037216
-0.0017765
0.011373
0.0078775
0.019392
0.015658
0.023279
0.0095031
0.0052528
-0.0061005
-0.0021567
-0.0012579
-0.014024
-0.025497
-0.02987
-0.032926
-0.030464
-0.010801
-0.010734
-0.0088493
-0.022633
-0.015333
-0.00049988
-9.6222e-05
-0.015468
-0.013902
-0.0061743
-0.0018648
-0.0084071
-0.011803
-0.016314
-0.012923
-0.025819
-0.014728
-0.0097483
-0.020319
-0.019642
-0.015995
-0.025248
-0.01711
-0.0023329
0.0051409
0.00074858
0.0081248
0.0039228
0.01443
0.019374
0.020813
0.014686
0.013156
0.022864
0.022751
0.028532
0.030344
0.034052
0.029684
0.013166
0.0070471
0.023413
0.026461
0.026974
0.018623
0.0018105
0.0086316
0.0099686
0.002363
0.00017607
0.0041021
0.011713
0.013217
0.0015151
-0.005943
-0.0050138
-0.014229
-0.0075734
-0.0066635
0.011576
0.0010985
-0.0030615
-0.0022552
-0.0064829
-0.018156
-0.018104
-0.023219
-0.025375
-0.014699
-0.011384
-0.0016705
-0.0030229
0.00064972
-0.0010926
-0.0077298
-0.015513
-0.022312
-0.021525
-0.018193
-0.014488
-0.0032791
-0.013677
-0.0079251
-0.0064412
-0.0065752
-0.0026553
-0.0065001
-0.0041831
0.015098
0.012546
0.0015686
0.001898
0.011157
0.010418
0.0084218
0.015763
0.01032
0.0029495
-0.0075478
-0.015986
-0.018714
-0.0021667
0.00058905
-0.006954
-0.0094577
-0.01654
-0.0088107
-0.0099266
0.00903
0.012332
0.013736
0.02015
0.016967
0.023184
0.018961
0.020258
0.013085
0.010219
0.012983
0.0081275
0.0093601
0.0038106
-0.0044851
0.0038134
0.0052303
-0.0021137
-0.004005
-0.0026633
0.0054897
-0.0097879
-0.0069542
0.0058905
0.010085
0.0061641
0.0099375
-0.0043185
-0.014069
-0.016602
-0.040889
-0.02454
-0.01336
-0.0059665
-0.0032768
0.0029507
0.0039606
0.0040843
0.0076971
0.0033477
0.0080072
0.0072417
0.0035769
0.0042357
0.008616
0.010013
0.0083139
0.0086352
0.007378
-0.0024811
0.0044105
0.0037286
0.001674
0.0077107
0.011645
0.0078847
0.0034361
0.004616
-0.0063134
-0.0048433
-0.0060119
-0.005839
-0.013991
-0.015221
-0.038101
-0.013042
-0.0040049
-0.0080029
-0.019961
-0.031781
-0.025608
-0.022479
-0.013852
-0.0015579
0.0022947
0.0025324
0.0099752
-0.0040637
-0.0063866
-0.0025888
-0.00080839
-0.00089275
0.010318
0.0079751
0.007551
0.016469
0.010147
0.011233
0.018406
0.011173
0.0039211
0.015717
0.007003
0.011509
0.0045579
0.017507
0.0096198
0.015474
0.021604
0.017049
0.01585
0.0082479
0.012899
0.013301
0.007415
0.015172
0.012732
0.012325
0.005226
0.0058864
-0.0038706
-8.0706e-05
-0.0042775
-0.0083996
-0.0088788
-0.0033832
-0.010595
-0.02295
-0.028202
-0.025955
-0.021342
-0.0045487
-0.011021
-0.021678
-0.020881
-0.026263
-0.02683
-0.025373
-0.024395
-0.031182
-0.035986
-0.027531
-0.016134
0.0034138
0.0082751
0.0051469
0.013021
0.017424
0.013004
-0.004153
-0.013289
-0.012896
-9.0488e-05
0.0124
0.0085562
0.017498
0.015184
0.016958
0.022165
0.016325
0.026514
0.020474
0.016913
0.017928
0.016895
0.01775
0.012512
0.0066816
0.0033336
0.017259
0.019493
0.015883
0.011927
0.0061217
0.01365
0.014185
0.01067
0.015521
0.015611
0.011924
0.010121
0.0028361
0.0010317
0.011167
0.012168
0.0022714
-0.0047761
-0.010425
-0.011717
-0.023911
-0.030979
-0.022147
-0.01615
-0.013739
-0.027182
-0.035501
-0.035825
-0.038538
-0.03813
-0.047162
-0.048217
-0.041307
-0.016191
0.0031641
0.0093304
0.0087519
0.0079423
0.00069965
0.011236
0.0106
0.001995
-0.0026172
-0.0080709
-0.0075738
-0.016265
-0.035778
-0.026421
-0.0005182
0.0069665
0.014772
0.014223
0.0067968
0.017623
0.022154
0.029852
0.023418
0.024087
0.028266
0.025035
0.015871
0.025939
0.029269
0.024216
0.024176
0.019301
0.0209
0.026749
0.026438
0.023806
0.021525
0.02707
0.022186
0.016654
0.014887
0.011743
0.00067655
-0.0061925
-0.0097456
-0.0075504
-0.003091
-0.017091
-0.020632
-0.027371
-0.032485
-0.040231
-0.042838
-0.03196
-0.026112
-0.024155
-0.035428
-0.021269
-0.014188
-0.0032914
-0.018878
-0.03003
-0.033952
-0.032035
-0.021465
-0.0038331
-0.0072201
0.011349
0.019665
0.026778
0.02733
0.025064
0.017526
0.013142
0.0025891
-0.0026905
-0.0043088
0.0014921
-0.0060769
-4.3233e-06
-0.014072
-0.028587
-0.020869
-0.033445
-0.028664
0.0018934
-0.010165
0.016411
0.028425
0.032746
0.026122
0.028092
0.024433
0.027281
0.018563
0.027257
0.010023
0.013895
0.0083804
0.0034765
0.011477
-0.0034724
0.0014408
-0.011264
0.00079874
0.012161
0.018007
0.0045121
0.0071382
-0.00014003
-0.0024165
-0.012563
0.0090851
0.0086492
-0.0081105
-0.0084404
0.013319
0.0058861
-0.00017428
0.010311
0.018312
0.013666
0.013578
-0.0025007
-0.0024351
-0.005373
-0.012015
-0.019533
-0.013665
-0.021277
-0.029682
-0.029503
0.0035802
-0.017156
0.0084642
-0.0060866
-0.0036329
0.00019043
-0.0032114
-0.0050913
-0.0049328
-0.0094717
-0.02132
-0.024328
-0.032101
-0.033037
-0.038552
-0.034154
-0.036644
-0.014577
-0.0060212
-0.0076534
0.015372
0.028066
0.038673
0.040641
0.048116
0.047614
0.042472
0.023358
0.011208
0.0047356
-0.01139
0.0050478
-0.0033449
-0.01275
-0.019346
-0.005671
-0.0017583
0.0039757
-0.0092402
-0.01046
-0.0098603
0.023922
0.017512
-0.0003327
-0.0048363
-0.004718
-0.012743
0.0032446
0.016315
0.011503
0.014012
0.0071012
0.0079739
0.0074774
0.00116
-0.0051876
-0.0019182
-0.011249
-0.0069301
-0.0019725
0.0049475
-0.010893
-0.00013749
-0.0022237
0.012842
0.0062224
0.009717
-0.0014467
-0.011417
-0.014603
-0.0019709
-0.0091454
-0.0096827
0.0030177
0.0076988
0.012888
0.029441
0.013562
0.0097114
0.009308
-0.00093693
-0.0017703
-0.0084575
-0.023178
-0.008634
0.0062123
0.0049874
-0.0054356
-0.00068116
-0.0055963
0.0012551
-0.00095442
-0.0071752
-0.0091456
0.0028518
0.0034787
-0.0068635
-0.0078167
-0.01331
-0.0039676
-0.010539
-0.0049687
-0.0045951
-0.019409
-0.011137
0.0084533
-0.014679
-0.012298
-0.0088322
-0.0034158
-0.00075407
0.0045814
0.0077752
-0.0052866
-0.0007627
0.0099468
0.0015452
-0.00014848
-0.00014818
-0.008943
-0.0052468
-0.0019723
-0.0020101
-0.0026099
-0.0067992
-0.00052008
0.0098147
0.0076499
-0.00059065
-0.0037426
0.0044906
0.0014907
0.011172
0.015017
0.020871
0.019088
0.013615
-0.0047828
0.008043
0.01228
0.0076374
-0.0084896
0.0024055
0.0033805
0.011863
0.016625
0.011046
0.0091077
0.0063355
0.014868
0.007463
0.0051027
0.021189
0.01847
0.016541
0.0070773
-0.0030566
-0.0029181
-0.0068304
-0.011835
-0.02171
-0.021669
-0.026365
-0.028419
-0.025489
-0.0032613
0.0069553
-0.0073297
0.0060043
0.00088248
-0.0066502
-0.017785
-0.024031
0.0040765
-0.00053434
-0.010139
-0.0058525
0.0045426
-0.0040342
-0.013831
-0.014591
-0.0098336
0.011746
0.0051556
0.0071465
0.010513
0.011487
-0.0027636
-0.011348
-0.01768
-0.018091
-0.017322
-0.021393
-0.030717
-0.015606
0.014027
0.022986
0.01409
0.016269
0.019357
0.015448
0.028265
0.013076
0.014305
0.012684
0.025995
0.011206
8.6093e-05
0.013354
0.0077151
-0.001292
0.0047861
0.0017231
-0.0021155
-0.0064891
-0.00056991
-0.001051
-0.0107
-0.021325
-0.0073525
0.0046437
0.0014584
-0.0062654
-0.008629
-0.019674
-0.019928
-0.035868
-0.012769
0.004774
0.0030119
0.0071729
0.0086007
0.011433
0.008687
0.0059469
0.011145
0.014351
0.016096
0.021872
0.023218
0.01373
0.0097644
0.014503
0.004886
0.011032
-0.0023751
-0.0025443
-0.0081135
-0.0032538
-0.009335
-0.015385
-0.01783
-0.0099253
-0.015651
-0.010078
-0.0057585
-0.0031042
-0.011398
-0.023641
-0.015991
-0.022455
-0.028162
-0.029641
-0.004012
-0.0029129
0.0039639
-0.005774
-0.003683
0.0025605
0.012169
0.017005
0.017428
0.0064156
0.013659
0.0057108
0.0017741
-0.012666
7.8725e-05
-0.015724
0.0045977
0.018679
0.033067
0.027793
0.020294
0.014836
0.018049
0.013761
-0.0011126
-0.0066875
-0.00065828
-0.018024
-0.011302
0.0015459
-0.0055867
0.0014776
-0.0050331
-0.0027415
0.0076032
0.016375
0.0081933
0.0059217
0.012876
0.0060102
0.011601
0.0091535
0.001373
-0.0070868
0.0046959
0.0014957
-0.00083641
-0.0035563
0.016179
0.01346
0.0097449
-0.0083762
-0.0060102
-0.0053105
0.0056217
-0.00070588
-0.017195
-0.023896
-0.030537
-0.022151
-0.0010884
-0.023727
-0.022373
-0.021409
-0.032994
-0.029899
-0.027761
-0.010746
-0.015823
-0.0085475
0.0024545
-0.0083412
0.0089637
0.0075948
0.0040941
0.0095643
0.012492
0.010275
0.0024955
0.014284
0.010782
0.015258
0.0231
0.013172
0.0026058
0.0063614
0.014497
0.0060573
0.010606
0.0024458
-0.0046674
-0.0021547
0.0047716
0.012638
0.0055508
-0.0086674
-0.018263
-0.0076964
-0.0017877
0.0046034
0.0014538
0.0011036
-0.00040616
-0.0052087
0.0053956
0.012957
0.011068
0.0084765
-0.0031614
0.0095259
0.00063002
0.0098927
0.012325
0.025277
0.019327
0.012911
0.007675
-0.01133
-0.010149
-0.014244
-0.0077229
0.0034698
0.012822
0.020063
0.024049
0.014448
-0.00027086
-0.0050822
-0.019358
-0.031774
-0.035483
-0.03764
-0.022905
-0.021399
-0.026879
-0.019606
0.0020404
0.011762
0.0021118
-0.011928
-0.01939
-0.025156
-0.0071662
0.0064459
0.001363
0.0076284
0.024673
0.0256
0.016979
0.017739
0.036559
0.01915
0.012514
0.0085106
-0.0046967
0.016719
0.028681
0.013473
0.00078215
0.021792
0.0001252
-0.0076628
-0.014966
-0.02
-0.019765
-0.020716
-0.007798
-0.0069294
-0.0099481
0.0088314
0.024887
0.016056
0.0057449
-0.0082059
-0.016217
-0.021145
-0.0039867
0.0014242
-0.016463
-0.029523
-0.027092
-0.027078
-0.032572
-0.028632
-0.041878
-0.035899
-0.043206
-0.046439
-0.029428
-0.0024162
-0.0012464
0.023207
0.028842
0.034753
0.046302
0.042497
0.03871
0.033578
0.041435
0.037435
0.023428
0.017076
0.021564
0.0063735
0.0015028
0.015171
0.019404
0.016395
0.021165
0.015356
0.012242
0.0072632
0.0081308
0.0033675
0.0058277
0.0033653
0.010959
0.013141
0.010016
0.011807
-0.0074499
0.0016649
-0.018178
-0.0099142
-0.01773
-0.016371
-0.029321
-0.0301
-0.023144
-0.030224
-0.052498
-0.058478
-0.054437
-0.04139
-0.019848
-0.0094177
-0.0008236
-0.0047158
0.010375
0.010624
0.010297
0.0018394
0.013171
0.0058288
0.0057083
0.0078061
0.0033201
-0.0024873
0.0073634
0.0062832
0.0060328
0.005724
0.015677
0.0091764
0.010088
0.0083014
0.013741
0.0098477
0.013577
0.0067006
0.0070305
0.013083
0.013878
0.01942
0.01377
0.020897
0.019491
0.0081049
0.011115
-0.011246
-0.00051444
0.0013123
0.0045204
0.00049821
-0.0013632
-0.0057919
-0.016393
-0.016361
-0.022333
-0.028999
-0.010328
-0.01851
-0.0055708
0.0016701
-0.0098675
-0.017942
-0.003793
-0.012145
-0.01551
0.0091141
0.011283
0.0082799
0.0031969
0.00045978
-0.00029076
-0.011307
0.0017292
0.0091253
0.0036759
0.0045312
0.0023129
0.0070194
-0.0002568
-0.015075
0.004
0.010996
0.01188
-0.0033626
0.0028542
-0.0019883
-0.0017061
-0.014102
-0.016012
0.02218
0.017039
0.028926
0.0079959
0.0086329
0.017687
0.0088906
0.0049445
-0.005942
0.0051126
-0.0061092
-0.0073681
-0.0044663
0.00042383
-0.010049
-0.003377
-0.0038632
-0.018085
-0.012834
0.0027607
-0.0045385
-0.01795
0.00080221
0.018035
0.014727
-0.0065663
0.0033515
0.0067567
0.00018872
0.014936
0.0013102
-0.014033
-0.0024076
-0.016164
-0.0096716
-0.0010297
0.021191
0.015561
0.020254
0.0060815
0.0028448
-0.0051702
-0.003498
-0.003203
-0.0053243
-0.0088452
-0.011061
-0.011719
0.0038656
-0.010357
-0.004869
-0.0044939
0.0043616
-0.0014174
-0.0089719
-0.00016352
-0.0024867
-0.0078726
-0.011336
-0.0074784
-9.4278e-05
0.0073166
-0.0052708
0.0054315
-0.001868
-0.013941
-0.0082021
-0.008386
-0.0054392
-0.0082284
0.0021623
0.0065342
0.0075369
0.0015267
0.0076601
0.019556
0.0075699
-0.0049259
-0.0017275
-0.0019896
-0.0044496
-0.012274
-0.01129
0.003435
0.012285
0.0049387
-0.010734
-0.0067884
-0.0016424
-0.0034041
0.010733
0.013651
0.012607
0.0096387
0.014182
0.0074711
-0.0044559
0.0061982
0.014895
0.016555
0.012302
0.0064263
0.012207
-0.00093712
-0.001446
-0.0073751
-0.004861
0.010082
0.00046845
-0.011604
-0.016856
-0.026481
-0.031005
-0.029199
-0.023755
-0.0046667
0.002782
0.0061507
0.010413
0.016452
0.0078996
0.0098966
0.0082033
0.015528
0.019508
0.019328
0.014137
0.011845
0.01479
0.011691
0.0054504
-0.01112
-0.012186
0.00039159
0.0050529
0.0099734
-0.00094438
-0.011091
0.0026329
0.00048214
-0.017467
-0.020229
-0.022554
-0.010253
0.006099
0.0067891
-0.0011086
0.0065371
-0.0086746
-0.0014275
-0.013854
-0.0067376
0.00086336
-0.0088373
0.0038296
0.013902
0.004455
0.0042122
0.0085362
-0.0070324
-0.0043583
-0.0048464
-0.007326
-0.0041429
-0.0094396
-0.0035359
-0.0034617
-0.013524
-0.012291
-0.013389
0.0014262
-0.0045552
-0.00049573
-0.01145
-0.0123
0.0013534
-0.0038067
-0.0083922
-0.012963
-0.013482
-0.0039551
0.0034489
0.010586
0.0088384
0.023946
0.01196
0.0166
0.016235
0.0132
0.017616
0.016642
0.0099115
-0.00042189
-0.014363
-0.02809
-0.016894
-0.010604
0.0034313
0.0046057
0.005108
0.007126
-0.0027351
-0.0015545
-0.0050758
-0.0024255
0.0084727
0.0090542
0.0096801
0.014312
0.0071033
0.0086065
0.0037328
0.0064099
0.0048005
0.0028027
0.0096188
0.0092493
0.011044
-0.0034289
0.011951
0.01263
0.011153
0.0026156
-0.0044262
0.0020611
0.00015868
0.013326
0.013026
0.0086855
0.013841
0.0042453
0.0034003
-0.0053973
-0.016362
-0.014057
-0.016439
0.0015675
-0.00088238
-0.016083
-0.0199
-0.0052432
-0.02176
-0.02327
-0.011514
-0.0098423
-0.027944
-0.0098247
-0.01579
-0.0049176
-0.01713
-0.0079131
-0.01076
0.0009518
0.0075185
7.5045e-05
0.0054447
0.0068401
-0.0087927
-0.0016479
0.0044801
0.016276
0.00075013
-0.008834
-0.00057807
-0.0069817
0.013812
0.013689
-0.00064952
-0.013793
-0.010782
-0.022014
-0.0022792
0.0092507
0.018151
0.027736
0.012484
0.018648
0.02716
0.0046664
-0.0020661
-0.0011403
-0.0042711
0.010102
0.0024635
-0.0080451
-0.018158
-0.0040723
0.0021767
-0.012955
-0.0079684
0.002197
-0.010485
0.0064292
0.015953
0.0077142
0.017373
0.0081924
0.0060367
0.0042585
0.026175
0.016372
0.016315
0.011002
-0.0050169
0.0050263
0.002945
-0.003667
-0.011461
-0.020447
-0.026576
-0.0092073
-0.012367
-0.023335
-0.029585
-0.032234
-0.012136
-0.005861
-0.017568
-0.013286
-0.0037571
-0.00243
0.023078
0.038706
0.042721
0.042809
0.031254
0.042279
0.032656
0.022888
0.015555
0.0069708
-0.0066087
-0.0063048
-0.0067346
-0.0059147
0.0074878
0.017175
0.013495
-0.0050434
-0.01845
0.0040537
-0.0080529
-0.020341
-0.023648
-0.021512
-0.021039
-0.010125
-0.022293
-0.031817
-0.013838
-0.010669
-0.021907
-0.024693
-0.021213
-0.024187
-0.031864
-0.034904
-0.03962
-0.044158
-0.041834
-0.044201
-0.028431
0.012831
0.023082
0.026828
0.027619
0.030099
0.030547
0.037054
0.036109
0.036063
0.030204
0.011125
0.019953
0.015006
0.023318
0.025785
0.03149
0.033751
0.031929
0.0080673
-0.0065593
-0.002157
-0.016794
-0.015111
-0.01394
0.0020656
0.0081577
0.014666
0.017243
0.026405
0.0087832
0.0083924
0.0059018
-0.010501
-0.0072261
-0.0094876
-0.019497
-0.022214
-0.02082
-0.027537
-0.016629
0.0015341
0.00055897
0.003178
0.0039526
-0.004589
0.0015072
0.0090882
0.0024073
0.0011734
-0.0076644
-0.0032959
0.001031
-0.0117
0.0070429
0.00027954
0.0021076
0.00083053
9.9863e-06
0.0033678
0.0054847
0.012635
0.0058528
-0.0096666
-0.0040908
-0.00062758
-0.0091715
0.0041338
0.018665
0.010271
0.0016927
-0.0071838
-0.0099611
-0.013947
-0.016503
-0.03166
-0.041584
-0.035944
-0.02385
-0.018834
0.0014718
0.0087887
0.0011037
0.0072213
0.0088771
0.0093046
-0.0076896
0.00034964
0.016283
0.0049729
-0.0052967
0.012707
0.010191
0.014719
0.020262
0.00088703
-0.00080296
0.0021681
0.00010697
0.012895
0.01173
-0.0081961
0.01026
-0.0038481
-0.0034775
-0.0083329
-0.00070464
0.00079196
-0.0069912
-0.0036206
-0.0083362
-0.012548
-0.0095717
-0.0081411
0.0077946
0.0096941
0.0086658
0.012976
0.0087098
0.011118
0.0048857
-0.0095635
-0.0040123
-0.0048905
0.0068791
0.0042491
-0.0052867
0.0088743
0.012967
0.01099
0.015749
0.018859
0.0093767
0.00059081
0.0039253
0.0027926
0.0034402
0.010786
0.0093369
0.012489
0.0027315
0.011476
0.011171
-0.014566
-0.019835
-0.0076737
-0.0056624
-0.018753
-0.024366
-0.014921
0.0034408
-0.00062965
9.0861e-05
0.011181
0.0058988
0.015359
0.0092152
0.012922
0.012064
0.0094868
-0.013728
-0.022736
-0.034828
-0.044339
-0.036708
-0.041795
-0.02529
-0.0012883
0.0073118
0.008154
0.016043
0.0073615
0.0013706
0.0087806
0.018656
0.015545
0.0091677
0.017358
0.0094054
0.010884
0.0068226
0.018941
0.015501
0.0073692
0.007192
-0.0076813
-0.027422
-0.024614
-0.033589
-0.0354
-0.012368
-0.013374
-0.0051567
0.001894
0.0041488
0.0051851
-0.0014744
0.010392
0.019855
0.02018
0.0038975
-0.0097373
-0.0099345
-0.0074247
-0.01485
-0.0099406
-0.015541
-0.022424
-0.032038
-0.0097301
0.01643
0.017066
0.021585
0.028179
0.025124
0.0201
0.012491
0.014652
0.013644
0.01042
-0.0012571
-0.0027048
0.0058214
0.022774
0.010039
0.0059858
0.00218
0.0075018
0.0068862
0.0031262
0.00050169
0.0026289
0.0048846
0.010603
0.011802
-0.0033097
-0.0088381
-0.0096164
-0.012229
0.0013155
0.0025035
0.0032396
-0.002171
-0.014678
-0.01394
-0.0019232
0.0023403
0.0029526
-0.0054488
-0.0038316
-0.026388
-0.014751
-0.0038217
-0.0019006
0.0072336
0.0050511
0.0004665
0.017082
0.01223
0.015388
-0.0026898
-0.0026879
-0.011969
-0.0071634
-0.018908
-0.011323
0.010413
0.0072711
-0.007835
-0.007158
-0.0023757
-0.0075281
0.0024359
-0.013244
-0.016969
-0.0071733
-0.018915
-0.018327
-0.01308
-0.022242
-0.027773
-0.021089
0.0024466
0.002623
-0.009141
-0.0013139
0.021326
0.0091938
0.0035079
-0.0055638
-0.00076015
0.0064369
0.017914
0.021685
0.0087206
0.01278
0.0079501
0.014862
0.012764
0.020045
0.018401
0.011778
0.01119
0.03145
0.025406
0.014916
-0.0074587
-0.0048808
0.011736
0.023606
0.0043966
-0.013964
-0.020341
-0.0083419
-0.0030256
-0.022696
-0.012447
-0.0075833
0.0062856
0.014138
0.0074666
0.00044816
-0.012712
-0.023064
-0.016495
-0.011723
0.001292
0.019552
0.015854
0.0081549
-0.0030875
-0.011489
-0.013277
-0.010764
-0.012131
-0.012486
-0.0034042
-0.012081
-0.016877
-0.0043779
-0.00048044
0.0068699
0.0072275
0.0018675
0.0026447
-0.0094037
-0.0010254
0.0045036
0.0050082
0.0066459
-0.00082411
0.0023896
0.0047883
-0.0064906
-0.0060401
-0.0079542
-0.0023969
0.0020292
0.0045286
0.003588
0.010942
-0.001664
0.0066499
0.0073511
0.018241
0.032469
0.025631
0.017096
0.0095888
0.014736
0.0072568
0.0011432
-0.0076877
-0.0050312
-0.015683
-0.021411
-0.017528
-0.014359
-0.013537
0.0058379
0.011476
0.007706
0.0072496
0.003031
-0.010836
-0.017033
-0.0089311
-0.013201
-0.016816
-0.023696
-0.017199
0.0072844
-0.0024432
0.0011438
-0.011714
-0.018411
-0.013828
-0.0066146
-0.0070008
-0.015629
-0.0035231
0.0031285
-0.0085038
0.0090937
0.017886
-0.0016136
-0.0053876
-0.0066107
0.00043918
-0.0053311
0.0073323
0.0058032
-0.0045656
0.0026742
0.012457
0.0093767
0.020202
0.026051
0.017246
0.037285
0.026178
0.022299
0.02893
0.011444
0.0035065
0.0001396
0.00030314
-0.0053307
0.0062327
0.020169
0.013918
0.0078513
0.0030888
0.011213
-0.0010971
-0.0071995
-0.0062259
-0.0001516
-0.013169
-0.0082228
0.0084064
-0.0036577
-0.013348
-0.022661
-0.028431
-0.032102
-0.041261
-0.0090496
0.00027497
0.010106
0.0070649
0.0070215
-0.0076577
-0.010057
-0.010537
-0.020097
-0.017326
-0.018922
-0.027996
-0.015311
-0.011805
0.004233
0.0046013
-2.2752e-06
-0.003668
0.0021094
0.012892
0.015027
0.011064
0.014471
0.014625
0.0070476
-0.0035581
-0.0025148
0.0048067
0.016296
0.01041
0.019266
0.021844
0.014314
0.0044045
0.0090751
0.0020825
0.00032918
0.00051422
-0.0034201
-0.0034003
-0.006081
-0.0081626
-0.0071889
-0.01367
-0.012398
-0.015253
-0.010802
-0.00796
-0.013717
-0.021318
-0.0086372
0.0024359
-0.0031522
0.011304
0.005338
0.0077381
0.015205
0.0032882
0.0071925
0.0051284
0.012564
0.0029171
-0.0039625
-0.0086137
0.0013989
0.0012637
0.0028493
-0.0067359
0.0086001
0.011165
0.010311
0.016575
0.013677
0.014334
0.020375
0.0092432
0.010702
0.0097495
0.0032852
0.0018541
-0.0037031
-0.0047011
-0.0005826
-0.0051699
0.00079218
0.0067987
0.010917
0.0088398
0.0015295
-0.0025923
0.0025273
-0.004531
-0.019755
-0.022238
-0.01834
-0.01688
-0.0094542
0.0021955
0.0036955
-0.0027341
0.0034668
-0.0096509
-0.023066
-0.031976
-0.021547
-0.020627
-0.022486
-0.007434
-0.0068872
-0.00044634
0.00011535
-0.0036666
-0.0050825
0.011692
0.0081143
0.00531
0.0027045
0.0049987
0.0097597
0.014028
0.011406
0.0054506
0.012965
0.015831
0.016213
0.00091943
-0.0080235
-0.015289
-0.010301
0.0041996
0.0094143
0.013468
0.005818
-0.0067071
-0.0042992
5.8518e-05
-0.019811
-0.018283
-0.0059139
-0.0025563
0.010089
0.013116
0.009735
0.0035804
0.0063742
0.0035061
-0.013819
-0.010884
-0.0079837
-0.010858
0.0033382
0.0099626
0.017519
0.018002
0.019377
0.018078
0.019939
0.0134
0.022244
0.025379
0.018197
0.012083
0.0023918
-0.011796
-0.0092075
-0.018779
-0.025231
-0.0181
-0.011125
-0.0206
-0.019314
0.0011241
-0.018483
-0.0085627
0.015443
0.010145
-0.00014298
-0.020029
-0.016243
-0.015118
-0.0051497
0.0030995
-0.0083626
-0.01844
-0.014852
0.0089319
0.01561
0.023406
0.019012
0.0094861
0.0078035
0.016547
0.017978
0.0010347
-0.0012036
-0.0052855
-0.00035245
-0.0095074
-0.015616
0.0036939
-0.0079757
-0.010931
-0.0052379
-0.022864
-0.0036191
0.022315
0.033434
0.023583
0.019244
0.0077884
-0.0027302
0.0080798
0.021575
0.015905
0.018581
0.0084689
0.0005965
-0.00094276
-0.013745
-0.015019
-0.016634
-0.020565
-0.02836
-0.02496
-0.009907
-0.012807
-0.012861
-0.023817
-0.033186
-0.023795
0.0043259
-0.01026
-0.024121
-0.022008
-0.032816
-0.02734
-0.028289
-0.020935
0.0076644
0.033212
0.039118
0.041136
0.041539
0.037724
0.027558
0.021083
0.0072204
0.0026251
0.01546
0.021826
0.019417
0.016936
0.0089635
0.004519
0.00054977
-0.014443
-0.015296
-0.0046387
-0.002138
-0.0051086
-0.0046499
0.0022067
0.01141
-0.0055338
-0.014492
-0.0056643
0.010671
0.0057359
0.0047476
0.0074724
0.008408
0.0080844
-0.0052551
-0.015565
-0.016758
-0.019886
-0.02911
-0.02423
-0.0087734
0.0097832
0.011598
0.0070462
-0.00047472
-0.0051664
0.009774
0.00012478
0.0016805
0.0077913
0.021102
0.012229
0.015666
0.014757
0.0034766
0.0099455
0.0012623
-0.0028443
-0.0062201
0.0071019
0.0043167
-0.0084153
-0.0089389
-0.013439
0.011189
0.0079763
0.020504
0.011417
0.0064119
-0.0088624
-0.015291
-0.02178
-0.018171
-0.031975
-0.027053
-0.019955
-0.019667
-0.01338
-0.0090379
0.019652
0.017163
0.018047
0.011068
0.0070755
-0.0042427
-0.0099985
-0.021986
-0.015852
-0.015681
0.0044526
0.0021319
-0.016649
-0.003678
0.015798
0.0063961
-0.0017523
-0.016005
-0.002079
0.0020231
0.019549
0.024866
0.024263
0.026423
0.032171
0.021492
-0.0012594
-0.018404
-0.032669
-0.037809
-0.037349
-0.020892
-0.0075785
0.0077146
0.015129
0.010101
0.015695
0.018307
0.01139
0.015216
0.02411
0.010889
0.0048406
0.01193
0.008487
0.0088319
0.0073587
0.0010438
0.0048015
0.0087324
-0.00083527
-0.0037827
-0.0050233
-0.0029143
-0.0066593
0.0017483
-0.0089021
0.0053778
0.0079827
-0.0078519
-0.008183
-0.027658
-0.015803
-0.010372
-0.00051213
0.0062513
0.0053565
0.0041613
-0.0061045
-0.0094168
-0.023061
-0.028843
-0.01327
-0.0073713
-0.0027747
0.0061952
0.00090937
0.017647
0.010728
0.010725
0.0077772
0.011281
0.0021424
0.0066357
0.00028575
0.004407
0.0016082
0.0017384
0.0062814
-0.0036096
0.0068059
-0.00074889
0.0026566
0.0027051
0.0082921
0.011234
0.0054401
-0.0021562
0.0099232
-0.00554
-0.0035442
-0.0036637
-0.0091459
-0.015626
-0.0043467
-0.0089302
-0.0091575
-0.0020331
-0.0024054
-0.033029
-0.038618
-0.039477
-0.022616
-0.0037498
0.00083407
-0.0026056
0.007738
0.0078206
0.015914
0.0097818
0.011914
0.011907
0.013698
0.0080365
0.0091496
0.0064375
0.01408
0.013857
0.0099274
0.0094223
0.018918
0.015433
0.015952
0.0098898
0.01729
0.0084208
0.0089106
0.0053484
0.012062
0.019008
0.0069266
0.0084874
0.0146
0.0013223
-0.00075386
-0.011501
-0.018354
-0.02664
-0.011271
-0.011752
-0.0085446
-0.011716
0.0008634
-0.0057124
-0.021735
-0.014437
-0.0046097
-0.0134
-0.0082632
-0.0096948
-0.034258
-0.022463
-0.020788
-0.023822
-0.018365
-0.013995
-0.0040343
0.0071072
0.016323
0.015012
0.0084834
0.011448
0.0027515
-0.0051406
-0.0076921
-0.0083935
-0.0094618
-0.005334
-0.0026739
0.0072671
0.0020662
0.0092725
0.010032
0.010708
0.010679
0.014662
0.01621
0.020655
0.017577
0.010301
0.0075385
0.0079264
0.013297
0.0080411
0.0061213
0.0032942
0.0057208
0.010105
0.0073688
-0.0017978
-0.00045185
0.012659
0.012338
0.0085952
0.0058565
0.013969
0.0081659
0.009908
0.0031718
0.008413
0.009869
-0.0048647
-0.022617
-0.026565
-0.013462
-0.0083684
-0.011562
-0.0069779
-0.013768
-0.015994
-0.013081
-0.0096491
-0.0087386
-0.0023865
0.0027049
-0.0054873
-0.009085
0.0050227
0.0013228
0.0018687
-0.0034224
-0.0018539
-0.0077961
-0.012939
-0.0058344
0.00011765
-0.0052634
-0.0044929
-0.00057328
-0.0020631
0.0039973
-0.0052084
-0.01227
-0.010208
-0.012945
-0.0064746
-0.01088
-0.0066555
-0.0076416
-0.020273
-0.0083584
0.0073773
0.0037418
-0.00023931
0.0021642
0.0003254
0.0036069
0.002461
0.0054112
-0.00099232
0.003025
-0.00069035
0.0075986
0.0099789
0.011399
0.012077
0.019407
0.017226
0.012352
0.011014
0.0071031
0.019214
0.0080782
0.007019
0.0089917
0.0024588
0.0080863
0.0090453
0.0097785
0.0075967
0.012355
0.009178
0.012372
0.022189
0.0052368
0.014937
0.011245
-0.014787
-0.016102
-0.00030424
-0.00084725
-0.0030522
-0.00202
0.00064036
0.00096403
-0.012251
-0.014305
-0.010027
-0.0040877
-0.013334
-0.0021205
0.014333
0.0029305
0.018481
0.017285
0.016404
0.020604
0.014563
-0.003575
-0.012138
-0.029159
-0.020437
-0.031084
-0.032489
-0.020187
-0.034764
-0.041089
-0.047399
-0.048183
-0.052719
-0.056357
-0.063723
-0.053503
-0.0028844
0.021736
0.020942
0.024979
0.026252
0.027543
0.020132
0.021461
0.023012
0.021506
0.01609
0.020101
0.03006
0.02612
0.025021
0.02314
0.025814
0.025908
0.028715
0.017766
0.013313
0.012656
0.0061664
-0.00091095
0.0012678
0.0032903
0.0043104
0.0037069
0.0097985
0.006056
-0.00017225
0.0005535
-0.00031091
-0.007086
-0.010293
-0.00010008
-0.0089578
-0.015968
-0.030823
-0.016464
-0.019904
-0.0011356
0.0056138
0.0036652
0.0065754
0.0067639
0.0098512
0.016165
0.0045814
0.0013387
-0.0072114
-0.016441
-0.033771
-0.036243
-0.024807
-0.007293
-0.0099074
-0.004541
-0.0028675
0.00061808
0.0063565
0.0058767
-0.00056677
0.0047182
0.0040893
0.0019046
0.0027114
0.0084171
0.0074011
0.012369
0.014338
0.0028557
0.0018435
0.0020769
0.0044911
0.0060661
-0.0056716
-0.010311
-0.0038596
0.0015168
-0.0029414
-0.00090938
0.013265
0.012979
0.010301
0.01339
0.0036998
0.0043211
-0.001178
-0.0092732
-0.016114
-0.01075
-0.0092697
-0.025287
-0.021013
-0.0047708
-0.018611
-0.027444
-0.036933
-0.038643
-0.031053
-0.037038
-0.028839
0.002517
0.016467
0.032066
0.037428
0.044391
0.046372
0.037544
0.036553
0.041733
0.037901
0.02436
0.0091213
0.0071517
-9.7786e-05
-0.0022601
0.0024126
-0.0084094
-0.0074703
-0.015863
0.0063477
0.026094
0.027436
0.027825
0.012558
0.0076649
0.0043198
0.0052492
0.0045468
-0.01356
-0.0054549
0.0020491
-0.0052989
-0.019596
-0.017433
-0.011448
0.00096615
-0.0112
-0.017669
-0.025224
-0.022727
-0.032599
-0.030467
-0.022293
0.0059014
0.0096863
-0.0019853
-0.014517
-0.01829
-0.02109
-0.031431
-0.033245
-0.033616
-0.02803
-0.036108
0.00026827
0.011028
0.0040142
0.017591
0.014291
0.00072452
-0.02047
-0.026996
-0.023938
-0.023735
-0.0030673
0.029246
0.029682
0.031973
0.042879
0.025125
0.032521
0.033222
0.027911
0.037883
0.032225
0.031289
0.017072
0.01539
0.0051989
0.0022946
0.00024528
0.0068182
0.0053457
0.0013932
0.0049494
-0.0020603
-0.001377
0.0031876
0.0040481
0.0080259
0.002912
0.0049999
0.0070687
-0.0035562
-0.0017
-0.0026644
0.007619
-0.0043187
-0.0024031
-0.0041023
-0.016156
-0.021144
-0.027506
-0.029213
-0.020512
-0.013745
0.0035573
0.010174
0.00038727
0.0017623
-0.0053944
-0.0038023
0.0085022
0.0062488
-0.011422
-0.025605
-0.033816
-0.02974
-0.02622
-0.025043
-0.0087183
0.0051742
-0.00010486
-0.002445
0.0050419
0.0072391
0.0076754
0.0044697
0.0040633
-0.005248
-0.0090828
-0.0075342
0.0023071
0.0048144
0.0088755
0.0038706
-0.0018205
-0.013188
-0.0038565
0.0061735
0.015137
0.023018
0.022058
0.012146
0.012647
0.0037616
0.0021092
-0.0023948
0.0088754
0.021827
0.030426
0.029636
0.024422
0.021987
0.0036374
0.013594
-0.0028598
-0.01113
-0.015602
-0.021262
-0.014857
0.00083511
-0.0088395
-0.021349
-0.025214
-0.0050102
0.0056796
0.00088101
-0.012262
-0.0057155
-0.0016256
0.005851
-0.017024
-0.0050856
0.0099555
0.020994
0.013956
0.0020619
-0.0081404
-0.0016448
-0.0068465
0.003163
-0.0059781
-0.011417
0.0018939
-0.0059432
-0.006534
0.0037144
0.017501
0.014204
0.020205
-0.0011076
-0.0096404
0.0031076
-0.0042044
-0.012827
-0.0059357
-0.00035077
0.00076674
0.00093215
-0.0050088
0.0024197
0.00048011
-0.0027459
-0.0081827
-0.021131
-0.0079039
0.0026459
-0.0099778
-0.0027113
0.0042646
0.0015704
0.0032883
0.0089182
0.0044257
0.0093729
-0.0075026
-0.0088788
-0.012719
0.0024144
-0.0031397
-0.0089261
-0.0031491
0.0035135
0.0065412
0.0070642
0.0043674
-0.0090654
-0.0077925
-0.0012331
-0.0094368
-0.018533
-0.0074679
0.00084922
0.0011209
0.0037442
-0.0076114
0.0065426
0.0032042
0.00089703
0.004321
0.0093402
0.0078172
0.0070022
0.0042674
0.014338
0.0081973
0.0036377
0.011851
0.0096374
0.0063453
0.005693
0.015163
0.011914
0.008815
0.015907
0.0054572
0.010631
-0.00090838
-0.0048755
0.000646
0.00089139
-0.00050202
0.0027625
0.014705
0.0014207
0.01197
0.01498
0.013436
0.0065107
0.01174
0.007359
0.0017373
0.0032145
-0.0068746
-0.016551
-0.018203
-0.029488
-0.022624
-0.019299
-0.016579
-0.019139
-0.028045
-0.025676
-0.029785
-0.012299
-0.0047543
-0.022847
-0.022607
-0.0075184
-0.0040656
-0.0074509
-0.0087932
-0.018361
-0.030385
-0.020907
0.011638
0.033304
0.029672
0.029372
0.021248
0.0093001
0.0061508
-0.00031072
0.013638
0.019692
-0.0013157
-0.00092566
0.0010603
0.02371
0.030414
0.019016
0.00087814
-0.00091699
-0.0046088
-0.0078735
0.0076734
0.0019152
0.0044741
-0.0038707
-0.006159
0.0097551
0.013614
0.0091871
-0.0030483
-0.001773
-0.0038695
-0.0040675
-0.0084722
-0.0076125
-0.0055622
-0.0009724
0.0053847
-0.0081191
0.0020114
-9.9038e-05
-0.0084802
0.0024448
0.0094301
-0.0010105
-0.00057262
-0.013902
0.0075512
0.014328
0.020614
0.025703
0.0045742
0.0016195
0.00093393
-0.011977
-0.0079481
-0.016043
-0.026905
-0.0090145
-0.0059747
-0.020189
-0.025458
-0.028175
-0.019933
0.0047798
0.0098314
0.022785
0.039658
0.034409
0.01948
0.011656
0.0029605
-0.0027213
-0.009904
-0.01326
-0.012009
0.0033509
-0.00099893
0.0014889
-0.0052716
-0.0087591
-0.012072
-0.014337
-0.0048106
0.00695
0.00057485
-0.011273
0.0055892
0.0091056
0.0035116
-0.0066732
0.0011163
0.010086
0.0062479
0.00080108
-0.007147
-0.0063949
0.0023739
-0.0014609
-0.001492
0.015556
0.0041546
0.0079336
-0.0029526
-0.0092723
0.0017943
0.00028384
0.0017225
0.0095388
-0.0010588
-0.0081912
-0.015349
-0.021535
-0.006911
0.0042347
0.011791
0.0055963
0.00034653
-0.0087488
-0.0019162
-0.010752
5.9651e-05
0.00031378
-8.7944e-05
-0.0024531
0.0037556
0.0094382
0.0076227
0.010121
0.0045374
0.0050031
0.009419
0.021254
0.012471
-0.0029693
0.0043225
0.0077905
-0.00084661
-0.011684
-0.0088951
0.0016061
-0.0078104
0.0045003
-0.013044
-0.020526
-0.019619
-0.012755
-0.016152
-0.017258
0.0031255
-0.0010816
0.0081746
0.0087527
0.016283
0.019924
0.0046238
0.011228
0.013438
0.0014592
0.00097883
0.007196
0.0022173
0.0033287
-0.0038079
0.0026486
-9.8989e-06
0.0080005
0.01525
0.0070444
0.0094385
0.0089252
0.007166
0.0014822
0.0022441
0.0072577
-0.00050875
-0.00047089
-0.004443
0.0036349
-0.0062722
-0.0074346
-0.0088457
-0.016592
-0.010615
-0.0074163
-0.013973
-0.009682
-0.0075598
-0.011044
-0.0095475
-0.012565
-0.014833
-0.019221
-0.011977
-0.00094669
-0.0056428
-0.010484
-0.015963
-0.0053737
-0.0048733
0.0058094
0.0093329
-0.00053247
0.011737
-0.00049666
-0.0026958
-0.010189
-0.0091685
0.00033029
0.011891
0.0119
0.0026964
0.0046168
0.004482
-0.0011336
0.0062292
0.0076035
0.0062891
0.013166
0.014147
0.019353
0.01439
0.0097011
0.00066399
-0.00092415
0.0053553
0.012371
0.00024179
0.012357
0.012714
0.014184
0.014083
0.0067471
0.0023775
-0.00032893
0.014336
0.014386
0.010608
0.0074881
0.0054642
0.009515
0.0025107
0.0018909
0.0024314
0.0018563
-0.0089111
-0.023107
-0.03001
-0.022887
-0.029545
-0.027178
-0.016807
-0.0010404
0.0022453
0.0074364
0.010384
-0.0059515
-0.014387
-0.016362
-0.013527
-0.0022019
0.0051648
-0.0082236
-0.0128
-0.022534
-0.0032455
0.0017983
0.0013107
-0.0041442
-0.0086268
-0.0065439
0.0039208
0.0018043
0.00063258
0.005683
0.0056864
0.0012968
-0.0058153
0.0053736
-0.00094684
0.010702
0.0085037
0.0057844
-0.0045143
-0.0010277
-0.0019672
0.0001203
-0.0029859
-0.011161
-0.015331
-0.0023604
-0.0094518
0.0062027
0.013361
0.0020235
-0.004913
0.015962
0.028431
0.02021
0.018069
0.018901
0.0067829
0.0013367
0.016776
0.012216
0.010522
0.0072952
-0.0014646
0.0054403
0.0075316
0.022656
0.0053818
0.003215
-0.0088982
-0.012138
-0.016749
-0.015498
-0.012013
-0.0035271
-0.0091242
0.0040178
0.00079224
-0.012686
-0.010188
0.006347
0.001888
0.00019012
0.0092616
0.0065275
-0.00015462
0.013162
-9.2884e-05
-0.015848
-0.021548
-0.015019
-0.013063
-0.021816
-0.016357
-0.015349
-0.01717
-0.012159
0.0074468
0.014082
0.01626
0.0038134
-0.0039387
-0.012793
-0.01067
-0.01012
-0.0077272
0.0068585
0.019273
0.015086
0.019498
0.019139
0.013079
0.0013144
0.019569
0.01722
0.0045812
-0.01085
-0.01768
-0.019878
-0.01386
0.0074397
0.0008015
0.0026101
-0.0078615
-0.01745
-0.0048942
-0.0022444
0.0014975
0.0064719
0.0078427
0.01335
0.0012222
0.0031155
0.0022449
-0.0022972
0.014178
0.0063946
0.0042844
0.003661
-0.0089624
-0.0019352
0.00304
0.0063445
0.010119
0.0049589
0.0099353
0.011038
0.012254
0.010727
0.0073075
0.002837
0.0022176
-0.013946
-0.0015471
0.0072278
-0.0052342
-0.018334
-0.024678
-0.033726
-0.038981
-0.040276
-0.031262
-0.011715
-0.0055259
-0.0016318
0.00057575
0.010062
-0.0048941
-0.0006334
0.0052659
0.0032253
-0.0029984
0.0028893
0.011503
0.011447
0.0093373
0.011647
0.014031
0.012551
0.014141
0.013533
0.015488
0.014999
0.017783
0.007746
0.011155
0.0057358
-0.0014843
0.005535
0.0079778
-0.0031629
0.0026104
0.0067768
-0.0035503
0.0045206
0.007834
0.0023808
-0.00055224
-0.0064616
-0.0093489
-0.0071496
-0.002543
-0.006971
-0.017942
-0.02002
-0.018457
-0.0032558
-0.00047095
0.008936
0.008853
0.0022739
0.011049
0.0099237
0.0064844
-0.007923
-0.009588
-0.0035508
-0.0074071
-0.0056633
-0.0020149
-0.0051163
0.002137
0.0076482
0.0065828
0.011801
0.0019719
0.0036079
0.0091014
-0.007315
-0.0014661
-0.0057353
0.0065593
-0.0057483
0.0039805
-0.011033
-0.019177
-0.030201
-0.017329
-0.0089078
-0.0012038
-0.01253
-0.02161
-0.0030982
-0.00065508
0.00047549
-0.0061988
-0.0010279
0.00062398
0.0026364
-0.0056788
-0.00034572
-0.0048365
-0.0072041
0.0010003
-0.0028921
0.0014929
-0.0002023
0.0068467
0.0063511
-0.00032487
0.0083432
0.0092201
0.010532
0.010317
0.00272
0.0092632
0.013323
0.0096433
0.0078543
0.013381
0.0033041
-0.0050486
0.0026
0.0088007
0.0035606
0.0063822
0.011396
0.0087447
0.014042
0.013559
0.0076348
0.0028607
0.0075904
0.0139
0.021247
0.015584
0.010407
0.0098197
0.021252
0.011621
0.010832
0.0065267
-0.0065547
-0.0057881
-0.010712
-0.021223
-0.0041109
0.0086579
0.00078327
-0.0026016
-0.017763
-0.0057933
-0.017838
-0.018135
-0.039736
-0.037209
-0.025247
-0.023522
-0.017998
0.00043781
0.0019052
-0.0025438
-0.0007592
-0.018044
-0.029062
-0.014959
-0.025229
-0.013196
0.010872
0.016623
0.023222
0.034143
0.016259
-0.0053325
-0.014947
-0.028076
-0.03488
-0.033333
-0.0092215
0.0093105
0.011261
0.015826
0.018925
0.013191
0.020403
0.0077033
0.0036606
0.020346
0.027324
0.0082493
-0.0001628
-0.0058185
-0.019193
-0.016524
-0.022082
-0.013285
-0.01209
-0.010862
-0.011805
-0.0079605
-0.01267
-0.016622
-4.1192e-05
0.0076607
0.011551
0.021652
0.017831
0.031395
0.03237
0.038993
0.029149
0.016259
0.013194
0.0028001
0.001198
0.011387
0.022205
0.022418
0.014734
0.0049691
0.019281
0.014854
0.016932
0.02038
0.030278
0.03967
0.037095
0.014289
0.011951
-0.0088751
-0.010756
-0.013299
-0.016338
-0.025422
-0.015981
-0.015476
-0.024169
-0.025986
-0.033862
-0.00032743
-0.002523
-0.01807
-0.03575
-0.037437
-0.032009
-0.038203
-0.013404
-0.022199
-0.041212
-0.048966
-0.037348
-0.03169
-0.0455
-0.046106
-0.0071617
0.015302
0.008746
0.018876
0.019168
0.010375
0.0093197
0.0070914
-0.0081892
-0.0019006
0.0063619
0.0051499
0.00086365
-0.0082606
-0.019274
-0.014152
0.0072221
0.011629
0.022793
0.011911
0.0178
0.020444
0.027123
0.027852
0.029634
0.023648
0.0060987
0.019518
0.023381
0.030119
0.020258
0.031513
0.027787
0.020721
0.018737
0.027446
0.026036
0.022106
0.02105
0.016861
0.010094
-0.0019436
-0.0022319
-0.0049513
-0.0042827
-0.015763
-0.02297
-0.031636
-0.015398
-0.020251
-0.019054
-0.031903
-0.023787
-0.020452
-0.009141
-0.0013596
-0.00039827
0.0028806
0.0072753
-0.010435
-0.0096097
-0.0081473
-0.017209
-0.0014104
-0.011293
-0.0098983
0.0011517
-0.0025144
-0.014641
-0.01729
-0.011549
0.015143
0.015355
0.01533
0.0024615
-0.0050511
-0.011284
0.0063296
0.011623
0.025407
0.021974
-0.0010198
-0.00024353
-0.012731
-0.01552
-0.017469
-0.022376
-0.028365
-0.016777
0.010823
0.0058479
0.0035756
-0.006707
-0.0077636
0.017871
0.0068445
0.0094808
0.014257
0.026882
0.0026004
-0.004978
-0.013739
-0.012846
-0.023548
-0.034466
-0.037311
-0.039491
-0.0054866
0.0024068
0.018794
0.019306
0.01508
0.016769
-0.00075794
0.0088095
0.0079272
0.0057114
0.004036
-0.0010444
0.007167
0.019994
0.023317
0.017908
0.019656
0.0080961
0.0087457
0.011917
0.019813
0.0072109
-0.0012473
-0.011087
-0.012086
-0.0017966
-0.0080563
-0.0047314
0.0097109
0.0078005
0.0017705
-0.0033106
-0.016613
-0.0087275
0.0091597
0.015421
0.011707
0.0033985
0.010908
0.013323
0.00016886
0.0058451
-0.008235
-0.01276
-0.002215
-0.0042357
-0.00025245
0.0035226
0.0080523
0.0032925
0.0089402
0.0043727
0.0005875
0.0099703
0.001263
0.0041809
0.011197
-0.002617
-0.013621
-0.015813
-0.0041643
-0.011249
-0.012935
-0.017653
-0.019967
-0.020614
-0.012371
-0.022727
-0.020612
-0.033953
-0.028523
-0.0079103
0.0055888
0.0051317
-0.0011686
-0.0075178
-0.010421
0.014761
0.0016118
0.00085543
0.0029841
0.0024183
0.008165
0.016324
0.0095319
0.0025472
-0.0042673
-0.0065211
-0.021064
-0.0051668
-0.0028794
0.012248
0.017518
0.0082676
0.0018136
-0.00037018
-0.00069438
0.013486
0.018879
0.010561
0.013501
0.023397
0.024048
0.0019215
0.010862
0.0072971
6.1088e-05
-0.013698
-0.01885
-0.01684
-0.020355
0.004881
0.011455
0.0007585
-0.010631
0.0067721
0.0195
0.018621
0.015811
0.018188
0.024606
0.013332
0.0056601
-0.0027054
0.0011057
0.00523
-8.5455e-05
-0.0063374
-0.011199
-0.0030931
0.0068344
0.007825
0.00030069
-0.00049962
-0.013339
-0.02211
-0.029618
-0.030164
-0.012825
0.005883
0.001533
-0.0058757
-0.014059
-0.0069311
-0.0072559
-0.0071251
-0.016839
-0.012624
-0.014784
-0.022417
-0.01837
-0.0060822
0.00098088
0.02002
0.021367
0.022803
0.034121
0.020457
0.022653
0.025297
0.0027666
0.0018652
-0.0011824
0.0019356
0.00065882
-0.0089358
-0.0090877
-0.0081983
-0.0046854
-0.0089156
-0.0055984
-0.01127
-0.009692
0.0095803
0.019961
0.018051
0.02473
0.0086963
0.0070107
-0.0082351
-0.0060685
0.00087975
-0.0087477
0.0026708
-0.0062754
-0.019317
0.0046109
0.0039787
-0.004884
-0.01615
-0.017563
-0.031003
-0.036916
-0.030314
-0.02829
-0.0071214
-0.0040441
0.0032661
0.011729
-0.0084213
-0.0063802
0.00015733
0.004988
0.0048468
0.0035789
0.012555
0.012634
0.010534
0.0087834
0.014351
0.013081
0.0084413
0.010115
0.0061426
0.0067408
0.010555
0.0080497
0.0014169
-0.0014405
0.00028185
0.0022061
0.0044065
0.0033422
0.012271
0.014186
0.0215
0.010488
0.008057
0.020197
0.015304
0.0044584
-0.0019075
0.0037771
0.00668
0.011008
-0.00048687
0.0055823
0.0037893
-0.00081585
0.0022004
0.0045881
0.00040609
0.020138
0.015249
0.018589
0.011906
-0.005226
-0.0070385
-0.00069571
-0.015143
0.001068
-0.015314
-0.025359
-0.032934
-0.035446
-0.03574
-0.031802
-0.039628
-0.050119
-0.032433
-0.027757
-0.031661
-0.026219
-0.039113
-0.0026373
0.0080175
0.01475
0.024977
0.021447
0.019691
0.010741
0.0013256
0.0089504
0.008753
0.011153
-0.0034162
-0.013136
-0.017322
0.0025187
-0.0064386
0.01401
0.024186
0.0078659
0.006505
0.010924
0.0040475
0.012597
0.007048
0.016998
0.012216
0.017729
0.012302
0.015654
0.0073574
0.012451
0.007397
0.016311
0.005987
-0.0043427
-4.3875e-05
-0.0058436
-0.011203
0.0015871
0.010507
0.016946
0.021615
0.021881
0.010729
-0.0027655
-0.0047233
0.0061423
0.00588
-0.0040991
-0.0074373
-0.01451
-0.013527
-0.02254
-0.030732
-0.030385
0.0043328
0.010724
0.0081742
0.016844
0.011029
0.0072136
0.014243
0.015049
0.0077545
-0.0047242
7.4016e-05
0.013952
0.0010251
-0.0011415
-0.003419
-0.017661
-0.030616
-0.029359
-0.027688
-0.019926
-0.020095
-0.0042163
0.0070103
0.0068923
0.0097729
0.00075291
-0.0069436
-0.0021379
0.0065009
0.00076085
0.0058812
-0.0041307
-0.01245
-0.02509
-0.031783
-0.021457
-0.025743
-0.0068447
-0.002727
-0.0046171
-0.017183
-0.0037185
0.0072413
0.010413
-0.0001062
-0.0033459
0.0071246
0.0056618
0.018056
0.021687
0.018247
0.019091
0.019342
0.034978
0.031691
0.018127
0.012579
-0.0045337
-0.010965
-0.0082168
-0.020413
-0.020837
-0.015849
0.0058734
0.021511
0.039452
0.02822
0.026807
0.021226
6.7001e-05
0.00047948
-0.010362
-0.014538
-0.011896
-0.0053495
-0.011226
0.0075179
0.0053171
0.0020293
-0.0065344
-0.0093682
-0.011458
-0.011152
0.00093211
0.00061805
0.0147
0.010583
0.008451
-0.0083655
-0.011626
-0.011039
-0.024567
-0.0078419
-0.010641
0.011898
0.01782
0.011246
0.0099192
0.013819
0.012786
0.00068527
-0.0016318
-0.013543
-0.012443
-0.016994
-0.018952
-0.0064172
0.017455
0.014576
-0.0047923
-0.012638
-0.012104
-0.0089603
0.010187
0.00044713
-0.010341
0.00098406
-0.0033277
-0.001761
-0.0059472
0.0060228
-0.0082172
-0.019608
-0.029823
-0.029987
-0.022402
-0.002202
-0.013491
-0.0094873
-0.0014841
-0.011989
-0.016906
-0.015252
-0.0014899
0.011528
0.012231
0.014393
0.0097186
0.0090975
0.019002
0.01555
0.013846
0.018058
0.015149
0.018217
0.014871
0.017311
0.016243
0.0067994
-0.0010113
0.00090032
0.0043614
0.0063865
0.0057821
0.0080729
0.011458
0.0093179
0.007166
0.011415
0.018197
0.006317
0.0084374
0.01137
0.010096
0.01336
0.0022936
0.0069555
0.00060182
0.0081774
0.0039078
-0.00030891
-0.0024489
-0.0062263
0.0013083
0.01217
0.011513
-0.012783
-0.020208
-0.026247
-0.032243
-0.028794
-0.033041
-0.037492
-0.046011
-0.032098
-0.02343
-0.015146
-0.015496
-0.02283
-0.021134
-0.00068949
-0.0054784
-0.015472
-0.018612
-0.018684
-0.015443
-0.0051259
-0.01173
-0.00059472
0.0033301
0.018268
0.0083275
0.012561
0.019959
0.037827
0.03962
0.038512
0.031424
0.030519
0.035752
0.040465
0.0366
0.028464
0.0093582
0.021164
0.017559
0.0096394
-0.0069245
-0.0061185
0.0069996
0.0031768
0.013216
0.0013786
-0.0063209
-0.016657
-0.012313
-0.008271
-0.007798
0.00060973
-0.0098861
-0.01114
-0.015612
-0.015357
-0.0022715
-0.012664
-0.015823
-0.012202
-0.017129
-0.0058755
0.014905
0.016164
-0.0031198
-0.0095716
-0.013567
-0.015677
-0.018278
-0.025344
-0.0075187
-0.014223
0.0072085
0.0040195
-0.0076225
-0.0074505
0.0090433
0.0024112
-0.011957
-0.028221
-0.0046766
-0.0025941
0.0040338
0.0044849
-0.0099624
-0.027855
-0.026358
-0.026386
-0.028327
-0.028099
-0.035857
-0.0013469
0.0032846
0.023064
0.029225
0.038493
0.043158
0.046497
0.036643
0.036882
0.045385
0.042231
0.043644
0.026887
0.020217
0.0056424
-0.006983
-0.014083
-0.0059785
-0.015228
0.0098244
0.013384
-0.0028388
-0.0030877
0.0047427
0.0039858
-0.003324
0.005329
0.015346
0.0014901
-0.0064913
-0.011256
-0.016765
-0.025554
-0.029104
-0.023728
-0.019513
-0.0031805
-0.0036909
0.00097829
-0.012574
-0.0090909
-0.01494
-0.012106
0.0092398
-0.0037696
0.0018174
0.0032698
-0.0035325
-0.016688
-0.019417
-0.016924
-0.024785
-0.020628
-0.021738
-0.01183
0.0014073
0.013619
-0.00032617
0.0091815
-0.00048454
0.007298
0.0079469
0.0073524
0.0059531
0.014176
0.0097441
0.0078671
0.0059076
0.00038223
0.01144
0.01909
0.0089479
-0.0024435
0.0040694
0.013955
0.010888
0.012202
0.0043771
0.0060294
-0.0069526
0.0063487
0.0042838
0.0047779
0.013374
0.012503
0.0066059
0.016899
0.0093094
0.00088473
-0.013505
-0.014831
-0.013775
-0.018066
-0.02184
-0.015613
-0.021305
-0.023709
0.0018555
-0.008476
-0.0062115
-0.022618
-0.0042022
-0.013817
0.0067865
0.028287
0.020168
0.024512
0.026706
0.013523
0.016318
0.0098294
0.017996
0.012553
-0.0010991
0.011254
0.0089398
-0.0042728
-0.01984
0.0060529
0.0053072
0.0015958
-0.0014213
0.006635
-0.0037297
-0.013096
-0.025455
-0.016587
-0.028396
-0.025047
-0.039287
-0.015643
-0.029435
-0.001529
0.010644
0.00027604
-0.0040753
0.005394
0.007997
0.015957
0.018022
0.0049952
-0.0094366
-0.0061252
0.0047993
0.0036077
0.015544
0.014907
0.016276
0.0091193
0.010328
0.015777
0.018047
0.011985
-0.0091271
-0.024421
-0.032514
-0.042397
-0.04104
-0.015349
-0.0014494
0.0095721
0.012754
0.0080734
0.01399
0.0089392
0.0051436
0.012824
0.011597
0.0053763
0.012543
7.7492e-05
-0.0038164
0.0058956
0.0056659
-0.00035944
-0.0058176
-0.0040814
-0.007604
-0.0015766
-0.0025572
-0.00055743
0.0011772
0.0074083
0.010772
0.008357
0.009735
-0.0018917
-0.00070797
-0.0090117
-0.0026561
-0.00035583
0.0049633
0.0016235
0.0028167
0.0080263
0.0069304
0.014085
0.0075218
0.0087312
0.0063529
0.009235
0.0064573
0.0085837
0.0068643
0.0089573
0.0071166
0.014226
0.0052268
0.0037253
0.0061667
0.0010097
-0.009894
0.0012724
-0.0031094
-0.0036001
-0.0033471
-0.01762
-0.023642
-0.026821
-0.031537
-0.032932
-0.034147
-0.030485
-0.027406
-0.0014091
-0.0096398
-0.0032762
-0.0052934
7.2774e-06
0.0087338
0.019223
0.00028713
-0.011011
-0.0031195
0.0043107
0.0019459
0.0066664
0.00463
0.001384
0.013831
0.014474
0.010734
0.015042
0.0087833
-0.010626
0.0076787
-0.007482
-0.011678
-0.0079758
-0.0009368
0.0038295
0.0099181
0.0042416
-0.0057561
-0.016232
-0.013301
0.0014579
0.0038665
0.0011205
0.0041988
0.0073851
0.0066457
0.011599
0.0077343
-0.0062878
-0.015575
0.011393
0.021618
0.023976
0.018078
0.027438
0.020273
0.018789
0.021017
0.015078
0.0073059
0.0028793
-0.0087507
-0.025221
-0.018929
-0.002826
-0.008752
-0.022779
-0.024839
-0.011175
-0.004161
0.017817
0.025484
0.0028454
-0.0024897
0.010821
-0.0090029
-0.024148
-0.01451
-0.0058327
-9.4993e-05
-0.015251
0.0034416
0.023027
0.026293
0.022639
0.037279
0.046262
0.040309
0.030383
0.033748
0.017465
0.0047736
-0.0054611
-0.0035855
0.0082194
0.020122
0.0045088
-0.0049774
-0.002231
0.025469
0.017946
0.026241
0.0099973
-0.0081243
0.00069029
-0.0063058
-0.018786
-0.022564
-0.033273
-0.034228
-0.0031176
-0.0028277
-0.0069953
-0.022508
-0.026722
-0.037571
-0.032528
-0.016312
0.01615
0.022493
0.0068852
-0.0021323
0.0024929
-0.0077689
-0.023515
-0.0046432
-0.0033389
0.0013691
0.016272
0.035732
0.037798
0.026014
0.02754
0.011329
0.0013021
0.0050279
0.0023387
-0.0020631
-0.0020814
0.0083396
0.00111
0.00036884
0.0051824
0.0071148
0.011216
0.019391
0.022552
0.0012932
0.0087234
0.010055
0.01086
-0.0047726
-0.0085997
0.0065404
0.0054674
-0.012001
-0.024301
-0.023954
-0.033987
-0.02862
-0.025888
-0.039973
-0.047857
-0.049342
-0.037343
-0.020476
0.0071519
0.011765
0.013354
0.023714
0.0097981
0.012882
0.024695
0.019948
0.008817
0.011301
0.00026211
-0.0036726
-0.0056824
-0.0013159
-0.0055755
-0.024493
-0.018022
-0.024128
-0.022074
-0.020359
-0.0023224
0.0094777
0.0052981
0.013907
0.017067
0.026494
0.018112
0.0092799
0.0095291
0.0057938
0.0050655
-0.0073736
0.0050941
0.0069046
0.015344
0.019098
0.018414
0.013459
0.0047648
0.0018432
-0.014168
-0.011779
0.0013344
0.0094524
0.013858
0.014799
0.0096116
0.0092573
0.012139
0.010906
0.014946
0.012878
0.011285
0.0038763
0.011231
0.02493
0.024846
0.024627
0.018845
0.023432
0.022613
0.025899
0.015989
0.010225
0.00013903
-0.002127
-0.011201
-0.025343
-0.033656
-0.02009
-0.024784
-0.042406
-0.033378
-0.028432
-0.035016
-0.034476
-0.026998
-0.024611
-0.033253
-0.043542
-0.044133
-0.050202
-0.053864
-0.047809
-0.021544
-0.030881
-0.0086736
0.0071864
0.025235
0.01999
0.035723
0.01955
0.025889
0.026954
0.014253
-0.0044599
-0.0057414
0.0088294
0.010093
0.012506
0.020849
0.013657
0.010155
0.0076252
0.01136
0.016558
0.012556
0.021957
0.0074627
-0.0032875
-0.0034821
-0.0093358
-0.016902
0.008002
0.010988
0.006211
0.0022562
-0.0040055
-0.010389
-0.011794
-0.0048724
0.013179
0.017237
0.01259
0.0056916
0.0237
0.020106
0.015842
0.02321
0.020506
0.0064671
0.013377
0.027369
0.028984
0.014675
0.017343
0.022506
0.018886
0.017547
0.002926
0.010649
0.0091826
-0.012347
-0.0036474
-0.011864
-0.021554
-0.025468
-0.02504
-0.011086
-0.0088503
-0.024174
-0.027932
-0.031272
-0.040652
-0.01618
-0.0072101
-0.0214
-0.020378
-0.0032891
-0.013242
-0.026914
0.0078209
0.015847
0.0080832
0.0057614
-0.010702
-0.015356
0.0088408
-0.00092397
-0.0080801
-0.018483
-0.019519
-0.023681
0.0028804
0.0081892
0.019927
0.012379
0.005554
0.031576
0.02822
0.030895
0.014036
-0.00084239
0.0067062
0.010817
0.0040721
-0.0097544
-0.013568
-0.011452
-0.017433
-0.025371
-0.027124
-0.011848
0.0015704
-0.013075
-0.016738
-0.021053
-0.024936
-0.026396
-0.025953
-0.029701
-0.025467
-0.025051
-0.020665
-0.0094927
-0.014443
0.0035081
0.016982
0.0085948
0.01383
0.039284
0.055787
0.070322
0.05369
0.053479
0.052228
0.04706
0.028766
0.027665
0.036655
0.036493
0.013774
0.013389
0.011344
0.024513
0.0033459
-0.00012361
-0.0036582
-0.00095745
-0.00099599
-0.021806
-0.014593
-0.019182
-0.02403
-0.022742
-0.022495
-0.017951
-0.025724
-0.02097
-0.011818
0.019404
0.0031269
-0.0079137
-0.0066411
-0.0051142
-0.014153
-0.0069215
-0.0016699
-0.010767
-0.012868
-0.018822
-0.012087
-0.015399
-0.022024
-0.0083992
-0.019687
-0.015866
0.0019975
0.018788
0.010404
0.0055975
-0.010494
-0.01169
-0.012181
-0.02018
-0.01798
-0.024647
-0.024642
-0.025429
-0.020353
-0.020868
-0.030432
-0.031148
-0.033016
0.0070632
0.025058
0.007767
0.014976
0.039456
0.042355
0.03648
0.026934
0.031534
0.040896
0.033634
0.048071
0.051253
0.051895
0.041713
0.025808
0.0041971
0.00015636
-0.0089466
-0.016598
-0.012915
-0.010906
0.0024702
0.0186
0.011899
0.011666
0.0014861
-0.020929
-0.021399
-0.029361
-0.037398
-0.018555
-0.030076
-0.024704
-0.02049
-0.019432
-0.02406
-0.038814
-0.030076
-0.03307
-0.008909
0.0082352
0.004594
0.013229
0.011367
0.011928
-0.005851
-0.0060217
-0.00791
0.0082371
0.01477
0.0081043
0.005951
0.014358
0.013572
0.014838
0.011461
0.0087633
0.007498
0.011307
0.023105
0.010041
0.0168
0.018679
0.011233
0.0025271
-0.014713
-0.01709
-0.027356
-0.010061
0.0027422
0.016253
0.008367
0.0024356
0.00361
0.013076
0.012448
0.011625
-0.00041828
-0.00092604
0.00070626
-0.00062272
-0.010901
-0.0065225
-0.0067484
-0.0075353
0.0012886
-0.0039508
-0.0055099
-0.010325
-0.017775
-0.015239
-0.018381
-0.014977
-0.0043502
0.0036959
-0.00086576
-0.0034201
-0.01265
-0.0053432
0.0055317
0.0085032
0.0074483
-0.00086096
0.00091167
0.011168
0.011189
0.010931
-0.0051204
0.0053892
0.011655
0.0080699
0.0073729
0.011442
0.0095436
0.0030968
-0.011021
-0.011244
-0.018321
-0.015523
-0.01923
-0.020499
0.0069665
0.0043614
3.4017e-05
0.0010145
0.010163
0.016416
0.012921
0.014291
0.0076797
0.0088549
0.017131
0.016468
0.010273
0.0026015
-0.0069906
-0.024843
-0.019393
-0.027533
-0.035353
-0.037344
-0.035515
-0.012572
-0.0067139
0.001383
0.003983
-0.0027736
0.0093952
0.008719
0.0098613
0.0072679
0.013455
0.010072
0.0027133
0.005298
0.0045104
0.010546
0.0085732
0.0089468
0.0054153
0.0099008
0.011825
0.0084993
0.002811
0.014602
0.0050014
0.0061971
0.01785
0.013915
0.012047
0.016429
0.0074806
0.0086798
-0.0007962
-0.0080287
-0.014485
0.0085679
-0.0017374
-0.020214
-0.020273
-0.012769
-0.013871
-0.0075588
-0.0048956
-0.0036568
-0.001845
0.0039155
-0.0039182
-0.0056918
-0.0067795
-0.017394
-0.0040199
-0.010564
-0.0079704
-0.016796
0.0020723
0.0071421
-0.0012742
0.0087766
0.010508
0.0046704
-0.0094928
-0.011011
0.0090197
0.0055351
0.017023
0.020868
0.026151
0.016662
0.016541
0.017708
0.012158
0.0019377
-0.0021586
-0.01554
-0.0027355
-0.018299
-0.016135
-0.019804
-0.016923
-0.010751
-0.003191
0.0045549
-0.0097162
-0.01381
-0.0047808
-0.019373
-0.017595
-0.016776
-0.014713
-0.011902
-0.0040307
-0.0064616
-0.012149
-0.0041626
0.012109
0.023037
0.023075
0.028424
0.019892
0.013388
0.014997
0.0092883
0.0082397
0.0021757
-0.0006316
0.0044343
-0.00527
-0.0027381
-0.0003469
-0.0070602
-0.01373
-0.0049357
-0.0032045
-0.0018828
-0.012773
-0.0024225
0.01595
0.02415
0.015691
0.018733
0.010683
0.0085837
0.0036314
0.0057225
0.003212
0.0013451
-0.0074686
-0.0043898
-0.0071655
-0.022582
-0.018711
-0.022553
-0.039479
-0.036738
-0.03306
-0.01343
0.010778
0.01475
0.013388
0.0098426
0.0034084
0.018229
0.017769
0.016623
0.014707
0.0020789
0.0081684
0.0095396
0.018026
0.013354
0.023435
0.014147
0.012318
0.018464
0.017434
0.014281
0.0034496
-0.020037
-0.023387
-0.014782
-0.016555
0.0014965
0.00039908
-0.0036144
0.0041761
-0.0028268
-0.0070676
-0.0058404
-0.00012669
-0.0074644
-0.018121
-0.0071509
-0.014721
-0.015706
-0.011277
-0.0025737
-0.0013672
-0.011517
-0.007285
-0.0080186
-0.012314
0.0091619
-0.0061432
-0.0054107
-0.0062841
-0.007299
0.0017835
-0.0012239
0.00066531
0.0025912
0.0070384
-0.0026652
0.0043086
0.010081
-0.011251
-0.0051301
-0.010567
-0.0023111
-0.0046711
0.0025807
0.01089
0.0089943
0.00066736
-0.0014749
0.0024881
0.0053692
0.0057989
-0.00057323
0.010095
0.0035095
0.010097
0.0077595
0.011796
0.010217
0.010609
0.012643
0.015279
0.013015
0.0043672
0.0051605
0.0027435
-0.0016629
-0.00074024
0.0034493
-0.0068184
-0.0055985
0.001288
-0.0059363
-0.0038104
-0.0040243
-0.0062998
0.0062991
0.00020942
0.0031812
0.0015843
0.0059185
-0.0040396
-0.0028733
0.0062553
-0.002037
0.0012935
0.0037252
0.0058667
-0.00030394
-0.0019903
-0.00047808
-0.0079902
0.003435
-0.0017171
-0.0045574
0.0031136
-0.00035861
-0.012733
-0.010132
-0.0009913
4.8284e-05
-0.0038131
0.002048
-0.0073168
-0.0031698
-0.0060979
-0.0020977
-0.0083364
0.00081299
-0.0065363
-0.010916
-0.0044443
-0.0033586
0.00041289
-0.00073542
-0.0025556
-0.0091523
-0.0087967
-0.0091384
-0.0072732
0.001449
-0.007189
0.0014749
-0.0013214
-0.002373
0.0010051
-0.0020923
-0.0060213
-0.00939
-0.010436
-0.0075147
-0.0037651
0.0042657
0.0057832
0.013098
0.009086
0.0054865
0.010967
0.011061
0.0063752
0.0061956
-0.00092279
0.0084692
0.0078089
0.014626
0.0067336
0.010986
0.0061651
0.014482
0.019899
0.01637
0.021719
0.0010726
0.007871
-0.0085474
-0.027397
-0.011471
-0.0064816
-0.0077742
-0.0095611
-0.022098
-0.017747
-0.016701
0.0086399
0.0088773
0.011579
0.0082444
0.012916
0.014558
0.020596
0.026666
0.018019
0.0034221
0.0074368
0.0048921
-0.0056471
-0.01026
0.0058186
0.013063
0.0032477
-0.0089064
-0.012209
-0.0019964
-0.0072685
-0.020773
-0.012497
-0.0087016
-0.020779
-0.015709
-0.024603
-0.021246
-0.0064346
0.0069131
0.0048799
-0.0019935
-0.010568
-0.0097548
-0.0076732
-0.017497
-0.021319
0.0028849
0.0038602
-0.010351
-8.9934e-05
0.018526
0.0064085
-0.0054523
0.013173
0.012239
0.0034564
-0.0081607
-0.0078396
0.0077579
0.018516
-0.0020671
-0.0096482
0.013842
0.024362
0.013055
0.002468
0.0019286
0.0022994
-0.01008
0.0085913
0.0033406
-0.0063634
0.0047618
0.019855
0.011124
-0.0068163
0.00079562
-0.0041511
-0.0074276
-0.016501
-0.015274
-0.013523
-0.010498
-0.0057565
0.013562
0.030241
0.034318
0.015759
0.011362
0.004736
-0.0076531
-0.0013075
-0.01305
-0.01479
-0.014215
-0.017234
-0.0086199
-0.016308
-0.02003
-0.0015153
0.0043324
0.040804
0.038501
0.017503
0.011514
0.0084043
-0.0034042
-0.0062007
-0.012895
0.025032
0.012506
0.00084057
-0.00057878
-0.0067025
-0.0057519
-0.012871
-0.0098889
-0.012478
-0.016283
-0.010526
-0.013742
-0.018488
-0.017126
-0.010102
-0.010104
-0.014726
-0.017592
-0.01107
-0.018792
-0.016689
-0.0097567
-0.013482
-0.0063776
0.017578
0.006262
0.0021493
0.0013682
-0.0025695
0.01678
0.049395
0.04555
0.028376
0.019995
0.012796
0.0098245
0.0096252
0.0035425
0.012473
0.004201
0.0064698
-0.00040584
0.0015935
-0.0029175
0.00063921
-0.0081067
0.00098643
-0.0035655
-0.0033524
0.0014218
0.0017571
-0.0095565
-0.00099642
-0.0061448
-0.0052719
0.00033003
-0.0057808
-0.0066693
-0.0096261
-0.004835
0.010826
0.028862
0.020288
0.01612
0.011031
0.013105
-0.007373
-0.00053533
-0.0045937
-0.0057877
-0.0012917
-0.010882
-0.012087
-0.0066965
-0.0044236
-0.011118
-0.0082944
-0.0032243
0.0056014
-0.00076631
-0.01164
-0.0097309
-0.012506
-0.017545
-0.018309
-0.019227
-0.015133
-0.021536
-0.015218
-0.017624
-0.023889
-0.019022
-0.02166
-0.021532
-0.031639
-0.031028
-0.031299
-0.026057
-0.012835
-0.0032574
0.010151
0.016156
0.018928
0.024105
0.046447
0.051478
0.037603
0.017377
0.011472
-0.0027507
0.00078489
0.016764
0.051531
0.049805
0.058518
0.057588
0.043651
0.037468
0.016918
0.0174
0.0097762
0.0011904
-0.0056132
-0.0011101
-0.015112
-0.018008
-0.0080931
0.0092171
0.0056756
0.00081921
-0.00046068
-0.0067628
-0.013596
-0.015582
-0.012002
-0.012924
-0.021056
-0.016295
-0.020214
-0.017597
-0.018306
-0.018449
-0.01341
-0.015474
-0.0079364
-0.013877
-0.010487
-0.014431
-0.013055
-0.017634
-0.0019825
-0.016725
-0.004573
-0.01245
-0.0070124
-0.011745
-0.012962
-0.0061131
-0.0010826
-0.0090914
-0.0052106
-0.006921
-0.010721
-0.0056523
-0.0061612
-0.00034633
-0.0015815
0.00044845
0.00056401
0.031886
0.031407
0.024212
0.017229
0.027305
0.017952
0.015151
0.016916
0.014162
0.0056624
0.0050809
0.0096887
0.0038645
-0.0012531
0.00070705
-0.0020685
0.0069818
-0.00024923
0.00016052
-0.0031905
0.00063707
0.0016654
-0.0078328
-0.00041783
0.0058081
-0.0099056
-0.0088534
-0.0038111
-0.013133
-0.0040386
-0.0078504
0.0011699
0.00058534
0.008091
0.0070359
0.0024326
-0.0013121
-0.0029005
0.0036625
-0.0047087
-0.0033557
-0.0083916
-0.011369
-0.011381
0.0058106
0.0042896
0.0033877
0.0050016
0.011437
0.0067225
0.0034733
0.0057896
-0.0010419
-0.0066534
7.4952e-05
-0.0031686
0.0041419
-0.00087417
0.0014714
0.0025797
0.015045
-4.8316e-05
-0.00014509
-0.0064955
-0.0043665
-0.0058891
0.0024283
-0.0020826
-0.007903
-0.012942
-0.0076434
-0.01101
-0.0068684
-0.0053401
-0.0051492
-0.0093547
0.015413
0.0065458
-0.0017829
-0.0023175
0.0081751
0.0068455
0.0056905
0.015414
0.0075466
0.0068869
0.00031113
0.0047787
-0.0058239
-0.0020669
-0.0039753
-0.0056657
-0.0011658
-0.0074327
0.0020622
-0.0026563
-0.0079118
0.0017622
-0.0011877
-0.012078
-0.015921
-0.021405
-0.017685
-0.012732
-0.0070871
0.006292
0.006347
0.0056499
0.018472
0.014699
0.0065919
-0.0058201
-0.0005929
0.0083252
0.0038435
-0.0012661
0.0035035
0.0077637
0.0063701
-0.00082591
0.0003983
-0.0020269
0.0030323
0.002789
0.0094367
0.0050296
0.0079086
0.0089919
0.0018584
-0.0036753
-0.0077071
0.0047949
-0.0027258
-0.0021956
-0.001662
0.0075403
0.014909
0.022658
0.020266
0.016265
0.018179
0.01752
0.0016104
-0.0078235
-0.0122
-0.012514
-0.010293
-0.013462
-0.0076728
0.0089029
0.0072953
-0.00082649
-0.0078488
0.011106
0.0047157
-0.015531
-0.018547
-0.011305
-0.011423
-0.0080345
-0.0041719
-0.011388
-0.015824
-0.020267
-0.0081961
-0.0097417
-0.018458
-0.015333
-0.0062161
0.0012149
0.0011683
0.0066237
-0.0062844
-0.012999
-0.0091969
-0.0099793
-0.0024081
0.011977
0.0034801
-0.0011547
-0.0072247
0.0026795
-0.0030492
-0.0046808
-0.0015814
-0.0053192
-0.0075115
-0.0032552
-0.00039193
0.018871
0.012849
0.01878
0.015969
0.010653
0.013824
0.0086242
0.0065241
0.024603
0.020283
0.0096073
0.023246
0.02396
0.019422
0.027067
0.028994
0.019398
0.0036172
0.0022796
-0.011281
-0.013497
-0.01673
-0.015228
-0.015933
-0.024986
-0.018507
-0.024709
-0.02136
-0.0029369
-0.0056937
0.008826
0.0042957
0.017202
0.0087674
7.9836e-05
-0.011883
-0.0081747
-0.0041423
-0.0060035
-0.0072553
-0.0045423
-0.0018925
-0.0040002
-0.0080889
-0.0056584
-0.0066591
-0.0072114
0.01989
0.015019
0.0028982
0.00024693
0.00049632
-0.0090161
-0.0025902
-0.013712
-0.0044424
-0.00455
0.0013885
0.0039357
0.0054946
-0.00082908
0.00040924
-0.0051872
-0.0017168
-2.0327e-05
0.0053255
0.0010792
-0.00052588
0.004577
0.0034714
0.00026301
0.0033802
-0.00016269
-0.0053103
-0.0044423
-0.0031886
0.00029826
-0.0039861
0.0044848
0.0021966
0.0026823
-0.0054202
-0.0035691
-0.00073572
0.003082
-0.0024096
0.0025135
0.0022786
-0.0027682
-0.0020408
-0.0037162
-0.00437
-0.0042618
-0.0043155
-0.0090233
-0.0056457
0.011937
0.012568
0.029497
0.018846
0.011891
0.0073903
0.016712
0.0098689
0.0023395
0.0080595
-0.00044029
-0.013911
-0.0045886
-0.0057553
-0.0099644
-0.011899
-0.014301
-0.010566
-0.0090362
0.01041
0.001556
0.0039066
-0.0044282
-0.0042898
-0.016474
-0.010759
-0.007894
-0.006777
-0.020105
-0.019096
0.012358
0.022488
0.012498
-0.0023525
0.0014391
-0.0090198
-0.0072759
-0.0066834
0.0020959
0.018222
0.024191
0.028702
0.013948
0.0062142
0.011795
-0.00058405
-0.005442
0.0010843
-0.0036132
-0.014388
-0.00060459
-0.0070947
-0.0073171
-0.013202
-0.0067297
-0.012341
-0.0087624
-0.0083357
0.019028
0.015172
0.015881
0.0081527
0.0020144
0.0033727
0.0046849
0.0021009
0.0012469
-0.00032427
0.0087539
0.0041106
-0.0022686
-0.007156
-0.0093102
-0.0028995
-0.0051371
-0.0037715
0.00039344
-0.0015527
-0.0012381
-0.0061725
-0.0069343
-0.0015363
-0.0010865
-0.0070017
-0.0049741
-0.001477
-0.0022878
0.0034568
0.0060564
-0.00099715
-0.0012807
0.0056566
0.0014385
0.00095825
-0.00336
-0.00015737
-0.00011591
-0.00059345
-0.00445
0.0046904
0.0061323
0.01356
0.011181
0.0044493
0.0066872
-0.0009194
-0.0012693
-0.0012435
0.0042939
-0.0012257
-0.0031841
-0.0032548
-0.008263
-0.0069928
-0.00080259
-0.00074376
0.0037397
-0.0053332
-0.0024276
-0.012626
-0.0086489
-0.0063215
-0.0069792
-0.011742
-0.008259
-0.0041574
-0.0090538
-0.0016292
-0.019151
-0.0092076
-0.012639
-0.010074
-0.016367
-0.0088016
-0.017605
-0.01737
-0.013365
-0.00065127
0.0023083
0.015952
0.034377
0.045198
0.047347
0.042307
0.033251
0.023286
0.022169
0.013374
0.013422
0.00066269
0.024504
0.014634
0.011792
-0.00082344
0.0015118
-0.0032571
-0.0051358
-0.0068628
-0.0011263
-0.0082167
-0.01105
-0.0019166
-0.021183
-0.007911
-0.010824
-0.014895
-0.0086645
-0.0085531
-0.0035223
-0.0091047
-0.014246
-0.0080717
-0.014707
-0.0063124
-0.011758
-0.0074171
-0.0032939
-0.0058728
-0.0090317
-0.011727
-0.0070918
-0.0010505
-0.0052328
-0.0078884
-0.0079964
-0.0059368
-0.010371
0.0020065
-0.0029387
-0.0029977
0.0054537
0.015905
0.028746
0.01817
0.014331
0.0095637
0.0042762
-0.00015535
0.0058179
0.0022704
0.0065965
0.0028537
0.0022161
-0.0024946
-0.0024884
0.0032884
0.00061434
0.0020653
-0.00091263
0.0084341
-0.0019362
0.0024279
-0.0020706
-0.0039244
-0.006873
-0.0039496
-0.002877
-0.00030696
-0.003749
0.03092
0.02516
0.012749
0.011424
0.0064422
0.00017879
0.004082
0.0015373
0.00060213
0.0037526
-0.0078084
-0.0037083
-0.0089503
-0.012575
-0.0069176
-0.003698
-0.010664
-0.0074507
-0.0045743
-0.012369
-0.012383
-0.0090725
-0.013721
-0.013461
-0.017913
-0.003233
0.0056587
-0.0086742
-0.012044
-0.0096718
-0.010767
-0.0090248
0.0013774
-0.0015545
-0.0047489
-0.012644
-0.010521
-0.013588
-0.0096356
-0.020353
-0.016664
-0.012599
-0.017801
-0.021124
-0.015311
0.027224
0.032965
0.056701
0.064297
0.064109
0.060909
0.042811
0.024471
0.023548
0.016209
0.015649
0.012362
0.022978
0.0070505
0.001863
0.0072297
-0.0052745
-0.0033099
-0.0087161
-0.01331
-0.011298
-0.019647
-0.013035
-0.0052997
-0.0081828
-0.010164
-0.0064639
-0.0096778
-0.0093443
-0.0094145
-0.010721
-0.019495
-0.010657
-0.012874
-0.014052
-0.01935
-0.011535
-0.011119
-0.01446
-0.0080496
-0.013526
-0.01067
-0.009955
-0.0089314
-0.0023564
-0.0062383
-0.0031407
-0.0055101
-0.0056003
-0.0073474
-0.0035039
-0.0060233
-0.0065998
-0.0075442
0.0048341
0.0062923
-0.0032887
0.0052304
0.0045575
-0.0025454
-0.003728
0.00067751
0.0048328
-0.0012573
-0.0035664
0.01151
0.031541
0.02673
0.020378
0.013084
0.015592
0.014758
0.0061421
0.010568
0.0082093
-0.00032903
0.0039487
0.0061971
0.0050605
0.0061423
0.0026028
-0.00013827
-0.00041624
0.00057214
-0.0024106
-0.00070136
0.002435
0.0041641
0.0030379
-0.0091656
-0.0048769
0.0071868
0.0064587
0.0027563
-0.0049945
-0.0018859
-0.0044563
0.00037597
0.0071849
0.0073308
0.0045163
0.0030532
-0.0016307
0.0033576
-0.0065658
-0.0030035
-0.0057155
0.00067891
-0.0064339
-0.0064285
-0.0019719
0.020444
0.0068071
0.0092056
-0.0042031
-0.0079005
-0.00044253
-0.0015294
-0.0096648
-0.01331
-0.0049749
-0.011007
-0.0052753
-0.012831
-0.015729
-0.0062224
-0.0044658
-0.0085285
-0.012297
-0.018881
-0.019313
-0.015143
-0.010849
-0.01833
-0.019515
0.00159
0.0083153
0.0002122
-0.005836
-0.01079
-0.0031861
0.017464
0.014067
0.0099193
0.0064213
-0.0057326
-0.0055308
-0.0084525
-0.0026594
-0.00956
0.013216
0.01969
0.019182
0.017637
0.015396
0.0067766
-0.00033684
0.0029679
0.024491
0.025531
0.017735
0.0079686
0.015727
0.0055081
0.0093268
0.0088092
0.0022218
-0.0032679
-0.0056359
-0.0045852
-0.0061525
-0.0034916
-0.012941
-0.0093264
0.0076933
0.0028305
-0.0050117
-0.0041685
0.0016622
-0.0045651
0.0019905
-0.0058937
-0.00019806
-0.0048912
-0.002716
-0.0063973
-0.0045522
-0.0011913
0.0023629
-0.0017906
0.0017168
0.0017941
-0.0047187
-0.0065687
-0.0057779
0.0051939
0.0032482
0.0014191
-0.0033391
-0.00019542
-0.0024779
0.00057775
-0.000707
0.0043888
0.0053721
0.0077939
0.014047
0.0059302
0.0046309
0.0071916
0.0012208
0.0017493
0.023884
0.033535
0.022469
0.016894
0.0063507
0.010581
-0.0064603
-0.0019352
0.0073489
-0.0032742
0.0038458
-0.0046892
-0.012636
-0.015675
-0.016246
-0.019195
-0.022657
-0.026826
-0.027344
-0.027589
-0.03477
-0.033768
-0.037421
-0.038259
-0.03724
-0.041431
-0.04561
-0.04393
-0.019835
-0.019169
0.025329
0.022357
0.0062254
0.0034679
0.011736
0.010391
0.023661
0.023044
0.03295
0.02952
0.033073
0.028938
0.034455
0.027732
0.021682
0.026582
0.024802
0.018739
0.01383
0.01622
0.0078744
0.0029816
-0.000204
0.0010217
0.0046541
0.0031184
-0.0010693
-0.0030215
-0.015397
-0.011592
-0.001353
0.0060451
-0.0015358
-0.00090493
0.0012599
-3.8835e-06
-0.0063283
-0.013649
0.0001474
-0.00061309
0.0091698
0.0074962
-0.00079588
-0.015128
-0.0034635
-0.0046849
0.0079915
0.0026059
0.0093743
0.00080251
0.010613
0.0022208
0.0051591
0.0042843
0.012228
-0.00045211
0.010036
-0.0053975
-0.01881
-0.0054888
0.0002418
-0.014955
-0.015163
-0.028505
-0.024539
-0.0082588
0.0074621
0.010164
0.0026282
-0.0035294
-0.0019278
0.015769
-0.00071875
-0.00099622
0.0069509
0.012187
0.014602
0.0042114
-0.0057401
-0.010234
-0.0091423
-0.015512
-0.015748
-0.0015735
0.0073538
0.0021872
-0.0092369
-0.013739
-0.015099
-0.007899
-0.003442
-0.0033357
-0.0024024
-0.010648
0.0045439
0.0034693
0.00073432
-0.017856
-0.0067242
-0.0096369
-0.0084568
-0.00015238
-0.005307
-0.00076168
-0.009126
-0.0099995
-0.0081278
-0.014486
-0.0020119
-0.0040812
0.0065118
0.0075656
0.0032006
0.0019503
-1.4734e-05
0.002821
0.0058065
0.013631
0.016882
0.017684
0.010166
0.016303
0.012616
0.016976
0.018712
0.018653
0.016029
0.016372
0.017993
0.012672
0.011718
0.0086039
0.0054699
0.0074784
0.0028553
-0.0050893
0.0082173
0.0030324
-0.0050349
-0.0082113
0.00068692
-0.0083986
-0.010631
-0.012027
-0.0033207
0.0028308
0.005174
0.0048314
0.0037902
-0.0028871
-0.0055022
-0.00099701
0.0035832
-0.0064099
-0.011999
-0.02046
-0.021598
-0.008691
-0.0045204
0.002247
0.002537
-0.0010511
-0.011065
-0.012112
-0.0088771
-0.0068617
-0.010055
-0.0071544
-0.011737
-0.010355
-0.0093727
0.0060533
-0.0070887
-0.0066935
-0.0040743
0.0021826
0.0011237
0.0093314
0.0065958
0.010901
0.0071254
0.010913
-0.00022266
-0.0049177
-0.0026287
-0.0050689
-0.0017819
0.0004502
-0.00012739
-0.0049518
0.005247
0.0021373
0.0064376
0.012133
0.019385
0.016185
0.011799
-0.00046779
0.011579
0.0082648
0.0026651
0.0013573
-0.0092196
0.0019968
-0.0075367
-0.0012543
-0.011708
-0.0033565
0.0047216
0.0081798
0.0064089
0.011374
0.0024036
-0.010938
-0.011816
0.00038505
-0.0035694
0.0072677
-0.0010498
-0.00644
-0.010092
-0.012087
-0.0068604
0.001129
-0.0024803
-0.0017858
-0.0059538
-0.0036937
0.0030598
-0.0045594
-0.011986
-0.012856
0.0082499
0.010898
0.0049597
0.0053114
0.0043175
-0.0071417
-0.0092562
-0.0080187
0.00035953
-0.020816
-0.004998
-0.019931
-0.0038683
0.0078858
0.012479
0.013258
0.012942
0.0082037
0.0022233
0.0086239
0.0056868
0.0097645
0.0036139
0.0040657
0.0076335
0.0052857
-0.00060349
0.0023282
-0.0010704
0.00015059
0.0059321
0.018513
0.013373
0.0052013
0.0041988
-0.0021665
-0.0054285
-0.0041302
0.0061836
0.010506
0.00053695
-0.0097359
-0.011528
-0.013677
-0.0060251
-0.0070785
-0.00244
2.8799e-06
0.0061175
0.0078333
0.0095906
-0.0055785
-0.0030004
-0.0079632
-0.0093129
-0.0031205
0.008327
-0.0040494
-0.0092667
-0.0046241
-0.0029693
-0.016541
-0.0096256
-0.0025787
0.0026358
0.0077157
-0.0033555
-0.0050796
-0.0044819
0.0078011
0.0074502
0.0083118
0.0052492
-0.0064571
-0.0061134
-0.0032787
0.0031545
0.0044777
0.00040301
-0.005166
0.0039786
0.0065122
0.0056282
-0.0007563
-0.0098642
-0.0091337
-0.0066475
-0.00048779
0.0094582
0.0092466
-0.0020647
0.0053383
0.0027096
0.0063979
0.0081531
0.0099388
0.0053084
0.0046674
0.0066378
0.0027383
0.00098397
-0.015288
-0.0028529
-0.005806
-0.0031982
-0.011898
-0.015942
-0.014605
-0.0039989
-0.0039702
-0.01047
-0.0025609
-0.0044196
-0.0057307
0.0013037
-0.0040081
-0.018327
-0.013589
-0.0057144
-0.004852
0.0012851
-0.00084544
0.00065721
0.012418
0.014336
0.0087569
0.011038
0.0096265
0.0047957
0.0087876
-0.0020274
0.0098471
0.0050283
0.009209
0.0053766
0.011899
0.01863
0.0080447
0.0072854
0.001912
0.0046132
0.017669
0.0043086
0.008747
0.011554
0.0059202
-0.0011792
0.0037775
0.00026901
0.011268
-0.0046423
-0.0092808
-0.015017
-0.007143
-0.0085025
0.0021337
0.0052616
0.0027958
0.019166
0.0050694
-0.0028155
-0.0018905
-0.0056081
-0.0049591
-0.0068583
-0.0092057
-0.01053
-0.012779
-0.003559
-0.0030275
0.0027736
0.011134
-0.003652
-0.0086627
-0.012336
-0.019005
-0.017669
-0.021705
-0.016168
-0.015485
-0.010613
-0.015437
-0.0090836
-0.013137
-0.020584
-0.011986
-0.012118
0.0012963
0.013879
0.0055761
0.0094634
0.017945
0.0092254
0.0075425
0.0083065
0.0067212
0.0063458
-0.0061033
-0.0079975
0.0020557
0.0040221
0.0065486
0.012028
0.014617
0.012911
0.0050067
0.0055943
0.0061473
0.002673
0.0056785
0.0081198
0.0062122
0.0030047
-0.0010156
0.0051256
0.0019622
0.0052543
0.016667
-0.001678
-0.0082218
-0.0036837
-0.00038301
-0.012654
-0.010048
-0.0043084
0.0024575
0.00078702
0.0029755
-0.00036888
-0.0013092
-0.012013
-0.0071447
0.0042461
0.0094091
0.0083313
0.013298
0.016018
0.013374
0.014251
0.011155
0.0071596
0.0035531
0.0020743
0.0045417
0.0076952
-0.0025117
0.00049504
-0.0040224
-0.0071799
-0.0036774
0.012265
-0.0013223
-0.014043
-0.0093301
-0.014541
0.0048197
0.0010459
0.0041826
0.0024947
-0.0098731
-0.025922
-0.030034
-0.028651
-0.027141
0.00021168
0.0094413
0.010023
0.0037244
-0.006432
-0.023037
-0.021151
-0.00064737
0.010779
0.010857
0.013244
0.017258
0.020109
0.0069873
0.00051801
-0.0031254
-0.0011837
-0.0127
-0.0018618
-0.012871
-0.019114
-0.015908
0.0066774
0.0084796
0.017805
0.012591
0.024065
0.0142
0.0074667
-0.0011561
0.0012002
-0.012912
-0.030523
-0.038928
-0.021101
-0.0050345
0.00059526
-0.011057
-0.0066488
0.0024176
0.012649
0.010032
0.0096708
0.0092717
0.0027446
0.005913
0.0063362
0.0061181
0.015991
0.012071
0.0069553
0.0080952
0.0056851
0.00018861
-0.0048469
-0.0083795
-0.0042647
-0.004327
0.0075535
0.0093845
0.0079109
-0.0012901
0.010439
0.0031789
-0.00078455
-0.0017348
-0.0032961
0.0084624
0.016104
0.0081818
-0.0063069
-0.0042653
-0.0022425
0.0039827
0.013478
0.014887
0.0074717
0.0077053
0.0069718
0.011253
0.0090177
0.0075412
-0.00031619
-0.0098339
0.00093458
-0.00067837
-0.025802
-0.02454
-0.021911
-0.012326
0.0055123
0.015646
0.020233
0.012522
-0.007759
-0.013618
-0.014947
-0.027141
-0.01106
-0.019239
-0.012002
-0.006968
-0.023858
-0.029768
-0.0078402
0.0081088
0.010402
0.007977
-0.0066343
-0.009699
-0.014641
-0.023159
-0.0034774
-0.013622
-0.018929
-0.0039972
0.006068
0.013032
0.010119
0.013253
0.0029854
0.0097437
-0.0019317
0.0029188
0.019563
0.0057066
0.0012512
0.0018629
-0.002366
0.0036136
0.0031555
0.020709
0.015287
0.029972
0.022827
0.020359
0.027745
0.017054
0.0085067
0.007972
0.010245
0.015742
0.0023527
-0.0046648
-0.009139
0.0037768
0.0023171
-0.011492
-0.0097021
-0.011385
-0.006208
-0.0081724
-0.016015
-0.022666
-0.021368
-0.019845
-0.00019755
-0.0095296
-0.018056
0.015079
0.026195
0.033585
0.013738
0.01461
0.0081514
0.0057019
0.023568
0.014711
0.012124
-0.0039612
-0.0084062
-0.0098127
-0.012603
-0.01696
-0.029669
-0.024287
-0.029119
-0.03168
-0.034755
-0.02762
-0.0052987
-0.0033232
-0.0067008
-0.0022629
0.019639
0.010016
-0.00011535
0.011469
0.0044157
0.01165
-0.0088249
-0.018245
-0.028662
-0.02881
-0.028991
-0.022922
-0.011932
0.016654
0.032569
0.035774
0.043577
0.04064
0.047126
0.025611
0.017891
0.010245
-0.0051933
-0.0053389
-0.0097079
-0.00097426
0.0055621
0.0015231
0.0082038
0.0021993
-0.012425
-0.011751
-0.0024871
-0.0091419
-0.0070822
-0.0099339
-0.0036714
-0.0092033
0.0080121
0.011142
0.009757
0.0087023
0.0025859
0.0044116
-0.00672
-0.0085822
-0.013087
-0.011395
-0.0064071
-0.0054163
0.0028697
-0.0076694
-0.022929
-0.021183
-0.0061056
-0.0016554
0.0030515
-0.0018914
0.0053265
0.012234
0.018805
0.020474
0.020781
0.018668
0.01533
0.011751
0.018936
0.010426
0.0013129
-0.017972
-0.016227
-0.019753
0.00064532
0.0011306
0.0027345
-0.005898
-0.0067248
-0.0062478
0.0060332
-0.00048234
0.0095078
0.0053805
-0.0002086
-0.0016827
-0.0086875
0.00037201
0.0016529
-0.00057487
-0.0047286
-0.0040566
-0.0031618
0.011446
0.013043
0.0021902
0.0087424
-0.0084619
-0.0067998
-0.016161
-0.023221
-0.021321
-0.0082845
0.0063113
0.021411
0.01795
0.0053196
0.002492
-0.001231
0.0055437
-0.0018552
-0.0012394
-0.00080808
-0.01557
-0.0098381
-0.0059566
-0.0048084
-0.009855
-0.013261
-0.0053253
0.0020156
0.0031387
-0.0021744
-0.0059295
-0.018052
-0.018353
-0.021343
-0.031271
-0.030293
-0.022364
0.00042871
0.0022028
0.0094608
0.011579
0.0095608
-0.0050009
0.00062819
0.0064397
0.0049798
0.013466
0.013403
0.017311
0.017183
0.025244
0.017899
0.017166
0.021038
0.017459
0.0089026
-0.0029244
-0.013288
-0.0049951
0.0036016
0.016842
0.015561
0.0036962
0.0006752
0.0090852
0.010035
0.012575
0.0070554
0.014484
0.0055469
0.018086
0.0092253
0.012171
0.010519
0.019417
0.013553
0.0034877
0.0015246
-0.0024107
-0.0057917
-0.021032
-0.0085778
0.0037674
-0.0061559
-0.0092296
-0.0090508
-0.015467
-0.015331
-0.0016557
0.0043051
0.00416
0.0007816
-0.017675
-0.012745
-0.004551
-0.0087895
-0.0098699
-0.01237
-0.023422
-0.0084132
-0.0078205
-0.014148
-0.017327
-0.01749
-0.027814
-0.0057929
0.0012486
-0.0075018
-0.0089985
-0.0070794
-0.015157
-0.0052235
-0.0012527
-0.0023835
-0.010993
-0.0096559
-0.015353
-0.0093241
-0.012181
-0.00063562
0.0059021
0.013237
0.0098384
0.018786
0.011474
0.01379
0.0089036
0.0048931
0.0068233
0.003303
0.010209
0.007774
0.015041
0.0061141
0.0060689
0.0016182
-0.0003708
0.0023826
0.0028216
-0.0059517
-0.0020086
-0.0026397
0.0028393
-0.0027079
-0.0065332
-0.0029133
0.0037543
0.0029239
-0.0047584
-0.0031885
0.005492
0.014473
0.0015762
0.0055689
0.0073322
0.012482
0.012371
0.0088594
0.011933
0.010358
0.012558
0.019337
0.014472
0.011732
0.014772
0.011076
0.014803
0.016657
0.020239
0.0092958
0.017715
0.018647
0.012687
0.01514
0.0069781
0.0037795
-0.011876
-0.015987
-0.0047883
-0.015559
-0.017218
-0.025269
-0.012502
-0.020993
-0.01682
-0.018926
-0.019828
-0.022519
-0.032936
-0.024793
-0.00066698
0.010314
0.0074037
0.0028027
-0.0032334
-0.013861
-0.015799
-0.013155
-0.001642
-0.017398
-0.025353
-0.017927
-0.0043738
0.0019333
-0.0023241
0.0042617
0.0044709
-0.0011555
-0.0020142
0.0087666
0.010977
0.00099696
-0.00077836
-0.014467
-0.009318
-0.021437
-0.030442
-0.021346
-0.010874
-0.027917
-0.0018104
-0.0082426
-0.0057073
-0.0053877
-0.00075327
-0.0023346
0.0059907
0.014493
0.034767
0.027865
0.017308
0.023761
0.018316
0.023009
0.022958
0.0098029
0.014242
0.022106
0.013182
0.01364
0.017369
0.0064521
0.007994
0.013993
0.016038
0.01054
-0.0019084
0.00068858
0.011177
0.0027357
0.0088917
0.013796
-0.011227
-0.0071053
0.0033935
0.0076563
0.0055101
0.010894
0.0079841
-0.0029456
-0.0087878
-0.0044886
0.0039142
-0.0044244
-0.012098
0.00012401
-0.001384
-0.0056633
-0.0032764
0.012176
0.0072917
0.018068
0.001177
-0.013547
-0.030855
-0.035046
-0.038036
-0.048028
-0.035252
-0.037997
-0.013444
-0.0083156
0.0037295
-0.0026673
0.014361
0.019989
0.017733
0.0076794
0.0039548
-0.001107
-0.0088813
-0.0061816
-0.00038212
-0.0063473
0.0065296
0.013548
0.011443
0.017233
0.0075333
0.00079385
-0.010821
-0.017543
-0.02652
-0.028509
-0.013377
-0.00032615
0.016395
0.024002
0.020486
0.025275
0.017626
0.0050751
0.0010791
0.0030955
0.00088022
-0.012859
-0.0066928
-0.0078892
-0.0051796
-0.0041674
0.0010499
0.0019402
-0.0057619
-0.0018438
0.0028992
0.0039479
0.0076844
0.017069
0.0035697
-0.0037157
0.0069809
0.0038399
-0.0025676
0.0040768
0.0012129
0.010521
0.013898
0.0065639
0.0045168
0.00025895
-0.013281
-0.01814
-0.0042482
-0.0085066
-0.022143
-0.015138
-0.0034685
0.012596
0.002935
0.007118
0.014338
-0.0044492
-0.0016578
-0.010419
-0.0028002
0.0025294
-0.00051232
0.0028233
-0.0096078
0.0054396
0.0044832
0.01105
0.0086316
0.010878
0.012464
0.01283
-0.0038372
-0.009383
-0.0063051
0.0047336
-0.0024011
-0.00086495
-0.0064586
-0.013874
-0.0044486
0.0055286
0.002353
0.0068996
0.023658
0.020452
0.024575
0.013226
0.031382
0.030744
0.010169
-0.004545
-0.017676
-0.017532
-0.028952
-0.030748
-0.023013
-0.017372
-0.026458
-0.022519
-0.01635
-0.019834
-0.024798
-0.0053606
0.0016097
0.0059433
-0.00046757
0.0054719
0.0054011
0.014204
0.014829
0.0030201
-0.0066619
-0.0049638
-0.0033654
0.003822
-0.00087037
-0.0045023
-0.012532
0.0036295
-0.0048545
-0.0025519
-0.0032666
-0.0015516
-0.0076196
-0.00015271
0.004331
0.015694
0.013761
0.02539
0.0031833
0.0061413
0.010657
0.010824
0.012108
0.0072168
0.0068303
0.012178
0.0041715
-0.0021006
0.011485
0.015243
0.012444
-0.0015857
-0.0015744
-0.016976
-0.018122
-0.022871
-0.020086
-0.016491
-0.0016456
0.0016781
0.003514
-0.0028101
-0.013863
-0.0083918
-3.4578e-05
0.0089847
0.013355
0.0098321
0.011694
0.019367
0.0011727
-0.0059867
-0.0071735
0.0044319
0.0096821
0.0047892
-0.0021048
-0.0039686
-0.024692
-0.014438
-0.0022866
-0.0025491
0.0052069
0.0062758
0.0089937
0.010253
0.0021178
0.00092512
0.006922
0.0023437
0.0041033
0.0051862
-9.1514e-06
0.00999
0.0031787
0.011605
0.0098191
-0.0014575
0.001434
-0.0043004
0.00025205
-0.0021646
-0.0036807
-0.016755
-0.027021
-0.040491
-0.022339
-0.017542
-0.014112
-0.006309
-0.004164
-0.0010159
0.0071879
-0.0010513
0.0006271
0.0069872
0.0075894
-4.5953e-05
-0.0040655
-0.0010252
2.8386e-05
-8.0826e-05
-0.0052885
-0.0020541
0.0033791
-5.1304e-06
-0.0058115
0.0024745
-0.002436
-0.0089484
0.0017701
0.008619
0.014239
0.015091
0.0079122
-0.0070205
-0.014117
0.0046648
0.0056396
0.0094739
0.011362
0.016239
0.024568
0.024371
0.016642
0.021468
0.02476
0.019987
0.014956
0.0079423
0.0084207
0.01367
0.015155
0.015238
0.0023249
-0.016635
-0.021455
-0.022763
-0.025421
-0.014775
-0.0060496
0.0064771
0.012911
0.0034919
-0.0092119
-0.014803
-0.033369
-0.029104
-0.032456
-0.011053
-0.02595
-0.0017071
-0.011361
-0.018738
-0.016401
0.0053213
0.013991
0.0079489
-0.0071479
-0.0067571
-0.0088934
2.3315e-05
0.0075729
0.0030548
0.0020066
0.012065
-0.0067626
-0.012574
-0.0014657
-0.0017993
-0.015445
0.002019
0.027146
0.032842
0.019317
0.007326
0.008062
-0.00073532
-0.011331
0.0050031
-0.0028029
-0.012287
-0.0041515
-0.0091558
-0.0024336
-0.0093441
-0.0025889
0.0076663
-0.0054794
-0.0048459
0.0097511
-0.0047114
0.023669
0.030329
0.016685
0.028579
0.0092378
0.0070113
0.02239
0.010746
0.00099599
0.0007089
0.0016753
0.026465
0.0080745
-0.0096208
-0.012317
-0.011612
-0.0068527
-0.018131
-0.018975
0.013257
-0.004761
0.0044465
0.018012
0.0050812
-0.010426
0.0001241
-0.014457
-0.0096406
-0.0065303
-0.012924
-0.014947
-0.01281
-0.025794
-0.027275
-0.042347
-0.039775
-0.045903
-0.032086
-0.0082759
0.011718
0.016828
0.01462
0.0045373
0.017971
0.034468
0.039452
0.029229
0.020369
0.0094342
-0.0002759
-0.0021918
0.00089341
0.015753
0.015569
0.0074822
0.013925
0.0089138
-0.0028942
-0.0080206
-0.011369
-0.012039
0.013905
0.021396
0.019457
0.016226
0.008415
-0.0067045
0.0039402
0.014212
0.00093892
-0.011989
-0.026983
-0.023547
-0.021204
-0.0074856
0.0061245
-0.0017237
-0.013883
-0.00094904
-0.00050827
-0.0048725
-0.0134
-0.019297
-0.028177
-0.008052
0.012345
0.011904
-0.0035819
-0.0032643
0.010915
0.0053317
0.0054288
0.0011841
0.0024495
0.008475
0.0067193
0.0062143
0.0060207
0.0030582
-0.0032704
0.0013198
0.0034331
0.010696
0.0032987
-0.00021174
0.0073465
0.0080273
0.0090494
0.0067621
-0.002288
-0.0059725
-0.010299
-0.0105
-0.022788
-0.019583
-0.024238
0.011224
0.018322
0.014929
0.0045958
-0.0088207
-0.0067672
-0.014585
-0.0216
-0.024376
-0.029907
-0.01421
-0.00068932
0.014879
0.014843
0.016781
0.0053331
0.010819
0.015068
0.0037454
0.013983
0.021568
0.023766
0.017017
0.011292
0.015926
0.0093278
0.017087
0.0096877
0.0047041
-0.0091199
-0.012781
-0.0086568
0.0055111
0.0059376
0.021148
0.016272
0.0096811
-0.00044909
-0.0037891
-0.013113
-6.4467e-05
-0.0049056
-0.018718
-0.028544
-0.02411
-0.022505
-0.019323
-0.022794
-0.02553
0.0012686
-0.00084211
-0.0047035
-0.011044
0.0016627
0.0070506
0.0048709
0.0072412
-0.0077731
-0.017843
-0.013079
-0.0087325
0.0099342
0.0083182
-0.0024382
0.00086258
-0.0022603
-0.011159
-0.012656
0.0093131
0.019387
0.023414
0.006327
0.0049226
0.0020616
0.0071349
0.016164
0.018408
0.018374
0.0073647
-0.0049096
-0.0094615
-0.016797
-0.02906
-0.020999
-0.022147
-0.018919
-0.0034855
0.0033219
0.026426
0.020622
0.026844
0.001052
0.018897
0.027169
0.020737
0.0021115
-0.0055365
-0.0061862
0.0025026
0.017385
0.029771
0.015721
0.0026887
0.0023431
-0.0063776
-0.011326
-0.02005
-0.0041083
-0.0095734
-0.017125
-0.020022
-0.0081812
-0.0025911
-0.0085293
-0.0069562
-0.01673
-0.022035
-0.029984
6.997e-06
-0.00091702
-0.0029329
0.0032953
0.025206
0.031362
0.030694
0.01297
0.0054309
0.010935
0.013611
0.0018654
0.00010062
0.018083
0.0094832
-0.0023881
-0.0047424
-0.00357
-0.0032348
-0.00090958
-0.0085713
-0.019089
-0.014267
-0.029432
-0.027236
-0.034697
-0.011837
0.01254
0.012241
-0.0069104
-0.011577
-0.025703
-0.043688
-0.031885
-0.010804
-0.00028609
0.012039
-0.00061941
0.011662
0.0075259
-0.0020295
0.0057858
0.012827
0.012203
0.010104
0.0062618
-0.00081827
0.0044214
0.007491
0.022255
0.0097136
0.0083487
0.011066
0.011461
0.0064076
0.0091159
0.018368
0.011098
0.0081177
0.010229
0.010623
0.006689
0.0034561
0.00094833
-0.001816
-0.0022882
0.0042685
-0.016031
-0.024141
-0.033287
-0.028868
-0.022167
-0.0093909
-0.0033995
-0.012917
-0.004478
-0.013143
-0.0043134
-0.0018876
0.016865
0.0066917
0.011345
0.015852
0.0025718
0.014065
0.012394
0.0059014
0.0086341
0.0072537
0.011074
0.019165
0.011578
0.006305
0.0077886
0.0095228
-0.013552
-0.025681
-0.032303
-0.027347
-0.013067
0.0019664
-0.00086882
-0.0088885
-0.0052173
-0.016661
-0.0084957
-0.0072031
-0.017848
-0.021396
0.0035709
0.012764
0.0093211
0.013307
0.013785
0.023699
0.020261
0.020674
0.032
0.041029
0.038257
0.025427
0.014199
0.011951
0.01345
0.013027
0.0045964
0.0024317
-0.0068624
-0.0076499
-0.015647
-0.024278
-0.0098114
-0.021953
-0.023456
-0.017811
-0.0057143
0.011978
0.01049
-0.011462
-0.014948
-0.019442
-0.0096054
-0.015471
-0.022453
-0.023457
-0.015528
-0.018246
-0.025168
-0.014642
-0.016998
-0.017298
0.0083652
0.022331
0.011591
-0.0018907
-0.0029294
-0.015368
-0.0008743
-0.0050666
-0.0094354
-0.016612
-0.01888
0.0047483
-0.011247
-0.0027687
-0.012286
-0.019319
-0.010155
0.010524
0.0094182
0.0097508
0.030052
0.019879
0.0015371
0.0090563
0.0057001
-0.0045752
-0.0037101
-0.0078372
-0.010226
-0.011662
0.016851
0.050524
0.060086
0.057455
0.053128
0.055272
0.050773
0.042508
0.035505
0.023024
0.021682
0.017512
0.0044005
0.0052241
-0.01191
-0.0098082
-0.014698
0.0042479
-0.00015123
-0.0085828
-0.0049651
-0.0083328
-0.020626
-0.022528
-0.0054778
-0.012521
-0.0089401
0.00053234
-0.019875
-0.020801
-0.029753
-0.023899
-0.0305
-0.034405
-0.033042
-0.013044
-0.025071
-0.027727
-0.02653
-0.02087
-0.014415
-0.014296
-0.026494
-0.029401
-0.020335
-0.030022
-0.030294
-0.036913
-0.039137
-0.046819
-0.040789
-0.038156
-0.0075164
-0.0096036
0.00026252
0.0082394
0.022353
0.02712
0.018482
0.0037376
0.018846
0.03616
0.04716
0.050551
0.050749
0.051886
0.050358
0.047598
0.039411
0.047399
0.046809
0.034064
0.03439
0.035653
0.029826
0.042561
0.043128
0.045047
0.035601
0.019023
0.0057008
-0.0078009
0.013154
0.0097263
-0.0030904
-0.012082
-0.016597
-0.019062
-0.027329
-0.035328
-0.017569
0.007389
-0.008871
-0.014542
-0.030768
-0.036795
-0.033686
-0.012665
-0.012723
-0.026956
-0.037341
-0.044149
-0.038988
-0.044626
-0.042335
-0.036708
-0.04165
-0.043451
-0.051995
-0.022864
-0.0063699
-0.0010367
0.010499
0.027121
0.014116
-0.009754
-0.012801
-0.0027758
0.013032
0.02234
0.021558
0.022027
0.029797
0.018179
0.0087675
0.0011272
0.0089943
0.023741
0.022022
0.019445
0.00618
-0.0059548
-0.013481
-0.022657
-0.031088
-0.028717
-0.020495
-0.0024789
0.0064026
0.0030769
0.002484
-0.0022799
0.0020381
0.013997
0.016815
0.013408
0.013643
0.014375
0.029109
0.027064
0.023612
0.020258
0.018733
0.014805
0.013063
0.010007
0.025839
0.030061
0.034975
0.025845
0.024872
0.017245
0.019366
0.010107
0.0090726
-0.0078452
0.0015413
-0.00034144
0.010751
0.0019269
-0.0052596
-0.0061545
-0.008927
-0.019916
-0.011992
-0.023694
-0.02235
-0.015898
-0.023177
-0.02906
-0.015036
-0.02899
-0.012742
-0.012716
-0.0066677
-0.010621
-0.023901
-0.035748
-0.015508
-0.009946
-0.0093429
-0.0029191
-0.026913
-0.015525
-0.031931
-0.030557
-0.022869
-0.020619
-0.0060309
0.0036398
0.0025409
0.0091969
0.023132
0.033685
0.020597
0.018915
0.0099041
-0.0032209
-0.01242
0.0051294
0.011747
0.017822
0.012693
0.010606
0.0067004
-0.013945
-0.025891
-0.018003
0.0032445
0.0011719
0.010468
0.013167
0.022715
0.01024
0.0052823
0.012498
0.016389
0.0041177
0.01221
-0.0012264
-0.0077021
0.0039364
0.0090612
0.0028655
0.0031868
-0.0087396
-0.0071583
-0.0059942
0.010725
0.011337
0.005055
0.0073825
0.011085
0.0041317
-0.0014234
0.0083259
0.011036
0.011117
0.01683
0.013042
0.0074279
0.013504
0.0097882
0.015534
0.0068318
0.0069629
0.013721
0.0068866
-0.0061947
-0.006993
0.004381
0.007972
0.0049358
-0.0050112
-0.017836
-0.029584
-0.029905
-0.0098864
-0.016511
-0.011714
-0.021162
-0.019931
-0.00086526
0.012261
-0.0010442
-0.014933
-0.011887
-0.021529
-0.027431
-0.029874
-0.023428
-0.012157
-0.02252
-0.015897
-0.0056912
-0.0033482
-0.015707
-0.0043406
0.025127
0.022519
0.011157
0.0086748
0.0040293
-0.00085763
0.00042163
-0.003994
-0.0040075
-0.0094531
-0.0098455
-0.009771
-0.013438
-0.0050622
0.024514
0.020126
0.0088465
0.0033041
0.042378
0.039762
0.0198
0.010753
0.010263
0.0097604
0.015227
0.03081
0.033415
0.018263
0.0051657
0.0063339
0.00035921
-0.0012399
-0.0042536
-0.010453
-0.011512
-0.0043789
0.019274
0.014351
-0.00026649
-0.0044889
0.0018362
-0.010609
-0.013404
-0.0083598
0.010256
0.01254
0.0057955
-0.0042748
-0.0080254
-0.0051935
0.025062
0.013322
0.0025413
-0.0024501
-0.0026573
-0.011385
-0.017675
-0.026248
-0.028049
-0.030726
-0.034673
-0.038774
-0.031801
-0.042122
-0.050318
-0.04429
-0.042248
-0.046024
-0.048944
-0.047879
-0.024344
-0.0095147
0.00060437
0.023737
0.039834
0.042265
0.045067
0.045528
0.039604
0.030991
0.033087
0.029708
0.028783
0.030176
0.0434
0.048246
0.029397
0.025754
0.016352
0.012225
0.014498
0.017516
0.006878
0.018452
0.0036663
0.0064154
0.012104
-0.010511
-0.0080581
0.0048841
-0.0010585
-0.0029123
-0.0040542
-0.018986
-0.025777
-0.024978
-0.0077409
-0.0025683
-0.0018415
-0.021193
-0.023684
-0.028437
-0.025833
-0.0032199
-0.019478
-0.007038
-0.0093769
-0.01402
-0.0051971
-0.0018249
0.0013743
0.0035279
-0.00088838
-0.018197
-0.0079217
0.0043772
0.0057316
0.0010886
-0.0046903
-0.0054547
0.0013515
0.01802
0.017776
0.016343
0.0084997
-0.0021083
-0.0065518
-0.0009935
0.0042684
0.0051048
-0.0065121
-0.024656
-0.010218
0.0032887
0.00022002
0.0083818
-0.0027553
-0.004815
-0.014217
0.0040417
0.0046428
0.013002
0.015551
0.016221
0.011923
0.0092233
0.017992
0.010583
0.0044373
0.0051966
0.0070541
0.0023477
-0.018188
-0.019191
-0.023167
-0.029418
-0.031306
-0.0097241
0.0035288
-0.0012078
-0.0045047
0.012031
0.014258
-0.0019701
-0.0089097
-0.018314
0.00053504
0.00053885
-0.010004
-0.0030927
-0.002573
0.0013733
-0.00085917
0.0011425
0.0088111
0.010498
0.017193
0.015645
0.022684
0.024801
0.023154
0.039488
0.026263
0.014492
0.0069376
-0.0091276
-0.019112
-0.0055673
-0.0036511
-0.0078729
-0.014511
0.00022692
0.013466
0.01838
0.0047733
-0.003505
-0.01981
-0.032231
-0.041838
-0.039077
-0.017884
-0.010619
-0.0051574
0.0081783
0.012359
0.018685
0.0278
0.03568
0.02185
0.023952
0.00020871
0.0029338
0.017085
0.005832
0.0010534
0.0015169
0.0018311
-0.010998
-0.012541
-0.026786
-0.028263
-0.030556
-0.010875
-0.015698
-0.016053
-0.015707
-0.022366
-0.028942
-0.0061414
-0.0065673
-0.0038751
-0.0013049
-0.0059477
0.0012822
0.0099187
-0.00021911
-0.01028
-0.0189
-0.020316
0.00087164
0.0085578
0.023823
0.021281
0.0034507
0.024689
0.026065
0.011996
-0.0035233
-0.013835
-0.015686
-0.028068
-0.0088037
0.008906
0.0063713
0.022354
0.017337
0.02169
0.024091
0.032413
0.03175
0.03291
0.031606
0.02364
0.021262
0.013068
0.017979
0.018513
0.017399
0.015028
0.013438
0.0068376
-0.0012479
0.0057447
-0.005451
-0.019901
-0.0079902
-0.0007668
-0.0031905
-0.0085434
-0.016706
-0.015362
-0.0046862
-0.020767
-0.021425
-0.018978
-0.036916
-0.033051
-0.029485
-0.029172
-0.037694
-0.037232
-0.039336
-0.018591
-0.0078249
-0.0044941
-0.021939
-0.011247
-0.014362
-0.028058
-0.032841
-0.014995
-0.020234
-0.027484
-0.025328
-0.020421
-0.018299
0.0033218
0.024122
0.037738
0.035728
0.024184
0.022252
0.027024
0.02919
0.024507
0.024226
0.029365
0.024547
0.036082
0.026899
0.0060249
0.014587
0.026434
0.044445
0.042954
0.031564
0.037374
0.036012
0.020039
0.012761
0.0085511
0.00025237
0.0080582
-0.0085865
-0.0070847
-0.0052983
-0.01315
-0.01978
-0.0063633
-0.017878
-0.015846
-0.023746
-0.026238
0.0090565
-0.00059285
-0.0018563
0.00012943
-0.010005
-0.012011
-0.0048991
0.00051374
-0.0018819
-0.0098886
-0.0094764
0.010929
0.0089618
-0.00058204
-0.0093167
-0.017103
-0.018906
-0.018637
-0.013708
-0.0060974
-0.018119
0.0025637
0.013514
-0.0065779
-0.01908
-0.019338
-0.028694
-0.022301
-0.022952
0.007947
0.0018972
0.010082
0.0068546
0.0030873
-0.010275
-0.023476
-0.02182
-0.026402
-0.039782
-0.037544
-0.046522
-0.045845
-0.022543
-0.0049558
-0.0056787
-0.0055577
1.7754e-05
-0.0054103
0.020764
0.027732
0.035592
0.036288
0.0311
0.034407
0.037668
0.033301
0.024107
0.026443
0.022959
0.021011
0.01746
0.02208
0.01683
0.029435
0.021305
0.024167
0.017471
0.018634
0.025928
0.021667
0.013026
0.020996
0.022576
0.0259
0.019674
0.022092
0.015834
0.0082033
0.0020329
-0.011536
-0.022908
-0.038762
-0.021528
-0.013155
-0.033939
-0.010972
-0.0040923
0.0040695
0.01061
-0.01085
-0.025252
-0.015894
0.0094285
-0.015364
-0.0058676
-0.0045159
-0.016942
-0.02267
-0.040183
-0.0416
-0.044612
-0.043033
-0.040456
-0.047355
-0.032725
-0.033719
-0.033551
-0.038976
-0.019516
-0.020647
-0.025023
0.010011
0.012162
0.03203
0.03355
0.044496
0.025937
0.018251
6.5665e-05
-0.0036728
0.00070792
-0.0038791
-0.010744
-0.015134
-0.01907
-0.0033051
0.0011405
-0.0059138
6.8498e-05
0.0059869
0.031484
0.043833
0.051006
0.060492
0.040376
0.033228
0.037124
0.048708
0.041513
0.0398
0.028129
0.007987
0.0013632
0.0022997
0.00081282
-0.0001457
-0.0082451
-0.0033881
-0.0093871
0.011516
0.0044158
0.00042453
-0.0066348
-0.015468
0.013355
0.022739
0.0059953
-0.0047993
-0.017047
-0.024672
-0.024632
-0.029501
-0.032275
-0.021749
-0.0066092
0.0039161
-0.0073451
0.0023332
0.008169
0.015192
-0.011394
-0.017256
-0.0090261
-0.02489
-0.022856
-0.011268
-0.0071795
-0.01015
-0.012597
-0.027086
-0.0086369
0.0031608
-0.021658
-0.024829
-0.02577
-0.026008
0.0018897
0.0094556
0.0049459
-0.02417
-0.033848
-0.034949
-0.043695
-0.0496
-0.04541
0.009444
0.011163
0.023729
0.025645
0.025604
0.025437
0.025426
0.027879
0.027552
0.030053
0.023601
0.016189
0.012395
0.0010454
0.00062849
0.011942
0.024192
0.022598
0.020265
0.027857
0.031338
0.013993
0.017506
0.017833
0.027219
0.014967
0.015056
0.011562
0.0089486
0.017682
0.021592
0.013899
0.0020671
0.0017723
-0.0061079
-0.013752
-0.020184
-0.016813
-0.022941
-0.03162
-0.0054888
-0.0032422
-0.009146
-0.021097
-0.014648
-0.0073922
-0.0052112
-0.007675
-0.010711
-0.019527
-0.026798
-0.0041465
-0.0035865
-0.0035659
-0.015773
0.011282
0.0043045
-0.015866
-0.0096841
-0.0052818
-0.006883
-0.0050409
0.00060962
0.029846
0.023855
0.0092893
0.011659
-0.0013872
-0.0081256
-0.0059014
0.0064105
-0.0011675
-0.0091401
0.0050178
0.011705
0.0071225
-0.00011127
-0.0091478
-0.0077308
-0.012915
-0.016774
-0.0086585
0.018707
0.022499
0.011173
0.0027074
-0.00093569
0.017325
0.002648
-0.0016264
-0.0063381
-0.020135
-0.024723
-0.029071
-0.024946
-0.027504
-0.018911
-0.019007
-0.030061
-0.033709
-0.03351
-0.038949
-0.028952
0.00025392
0.026264
0.026493
0.012428
0.0073643
-0.0036914
0.021266
0.040826
0.046278
0.048115
0.048662
0.026872
0.024609
0.021027
0.016802
0.014916
0.0063629
0.0068965
0.013678
0.0066132
-0.0091028
-0.0062993
0.0025343
0.0015318
0.00094898
-0.0040218
0.00041915
0.014246
0.015241
0.018312
0.009717
0.0016646
0.0053401
-0.0075616
-0.014405
-0.02398
-0.025635
-0.0079815
-0.0026766
-0.011279
-0.023848
-0.011783
-0.0085521
-0.0036526
-0.0068843
-0.012249
-0.0086144
-0.0016087
-0.0048207
-0.0059645
-0.013681
-0.0099647
0.0083382
0.0074717
0.012825
0.013058
0.015413
0.0047347
-0.0054597
-0.0087951
0.010737
0.0054824
0.0040992
-0.0096893
0.0079131
0.001173
0.0049518
0.0034061
0.002259
0.0077014
-0.0070241
-0.02114
-0.018932
-0.013269
-0.025514
-0.020353
-0.00026741
0.0072294
0.0029731
0.0037727
0.0065499
0.00010399
-0.0044895
-0.0093496
-0.005141
0.0072951
0.0032604
-0.0094978
-0.018133
-0.019213
-0.024122
-0.0006984
0.016511
0.0040582
0.013849
0.012715
0.0064303
0.014449
0.013058
0.014159
0.010178
0.0025284
-0.010101
-0.011766
-0.02737
-0.021963
-0.01817
-0.020521
0.0063816
0.01523
0.021011
0.0089756
-0.0032187
-0.0020006
0.015179
0.015724
0.008577
-0.0033362
0.0078174
0.016634
0.010168
0.0063545
0.015521
0.011467
0.0084725
-0.0017329
-0.0013269
0.019254
0.0067527
0.0039675
-0.0036672
0.0035217
0.0077463
0.0087065
0.0065949
-0.0016658
-0.0095305
0.0091838
0.011559
0.021925
0.009308
0.0010057
0.0071151
0.011026
0.024198
0.036046
0.020002
0.017897
0.0058694
-0.0043745
-0.013695
-0.014775
-0.018143
-0.016067
-0.027633
-0.033997
-0.026543
-0.032463
-0.029394
-0.034581
-0.038881
-0.027808
-0.019682
-0.027015
-0.028602
-0.033961
-0.009552
-0.0095419
0.0097856
0.0062477
0.011051
0.012255
0.0014444
0.0025436
-0.0071735
-0.0072167
-0.0010285
-0.0098027
0.015805
0.019707
0.014433
0.01157
0.0047956
-0.0023441
-0.0075022
0.0021312
-0.00057359
-0.0048963
0.0094692
0.019155
0.0071086
0.012974
0.0097166
-0.010738
-0.0058952
-0.00037946
0.00058553
0.0016816
0.0055187
0.0069671
0.008864
0.017134
0.0085845
0.016362
0.019075
0.013499
0.017038
0.011657
0.0084149
0.006286
0.021755
0.015414
0.020094
0.0083227
-0.0076901
-0.0010683
0.012147
0.017095
0.010802
0.0174
0.013909
0.00048471
0.0088171
0.011909
0.0048803
-0.0054073
-0.020258
-0.028259
-0.033413
-0.033609
-0.014841
-0.021259
-0.015894
-0.020963
-0.0070504
-0.010055
-0.018012
-0.020455
-0.019745
-0.0037591
-0.0067083
-0.013769
-0.010793
-0.0043089
0.0078924
0.013742
0.025772
0.030441
0.033245
0.022801
0.012996
0.0097981
0.008336
0.012526
0.016086
0.0066622
0.0020012
-0.01792
-0.014468
-0.010725
-0.030468
-0.039482
-0.033755
-0.018506
-0.013156
-0.024444
-0.018323
-0.0097025
-0.0011638
-0.0062263
-0.0049555
-0.0074964
-0.0073651
-0.0089805
-0.012163
-0.0047196
-0.006723
0.0078279
0.0044425
0.012023
0.015349
0.017726
0.0096585
0.018487
0.014872
0.015176
0.014038
0.015577
0.014579
0.014282
0.023071
0.0074662
0.0035826
0.00068825
0.0048515
-0.0011422
0.011303
0.0085907
-0.011473
-0.0072928
-0.013513
-0.0098213
0.0020578
0.014821
0.0090308
0.0040042
0.0032794
-0.0037459
0.0012681
-0.0021647
0.0078638
-0.0050472
0.0067517
-0.0035472
-0.0022106
-0.0066124
0.0031215
0.0093637
0.0025504
0.010903
0.013755
0.0079544
0.0082851
0.006478
0.0007386
-5.7621e-05
-0.0068061
0.0019233
0.010446
0.015015
0.014003
0.0083479
0.002893
0.0049365
0.00016622
0.0064826
0.0033553
-0.011105
-0.010744
-0.020329
-0.012015
-0.010651
-0.0083218
-0.030312
-0.031705
-0.034838
-0.04245
-0.04731
-0.04786
-0.026318
-0.011186
0.001591
0.00043093
0.001854
0.0071969
0.015145
0.009814
0.0076446
-0.0025282
0.0033906
0.00096643
0.0076776
0.015157
0.015566
0.0028658
0.0038328
0.01016
0.003707
-0.0091154
-0.0072635
-0.0078888
-0.02278
-0.0055127
0.0022274
0.0087004
0.018315
0.024336
0.022805
0.017645
0.027003
0.022605
0.028336
0.029573
0.016363
0.016639
0.016261
0.015171
0.011308
0.025725
0.024593
0.018584
0.0089087
-0.00091351
-0.017009
-0.0085599
-0.020524
-0.030822
-0.024225
-0.030926
-0.012528
-0.0003119
-0.018519
-0.02528
-0.033482
-0.018523
-0.0089665
-0.0038511
-0.012648
-0.023635
-0.012495
-0.0071541
0.0055639
0.0086784
0.019879
0.020995
0.021004
0.0084951
-0.013729
-0.0072747
-0.011984
-0.0090618
-0.0026772
-0.0090815
0.0026454
0.002043
-0.0022854
0.0072992
0.0075439
-0.0013234
0.011849
0.012992
-0.00427
0.0046258
-0.0032386
0.0079131
0.0071703
0.013172
0.013019
0.016174
0.018815
0.0047095
0.0012781
-0.014462
-0.019966
-0.023352
-0.029132
-0.031355
-0.012418
-0.012723
-0.0033541
0.0054717
0.025319
0.026195
0.025145
0.020747
0.024785
0.022732
0.019479
0.012919
0.015018
0.00035806
0.0017151
-0.0041286
-0.013951
-0.020116
-0.010669
-0.012404
-0.020613
-0.032192
-0.025082
-0.021169
0.00083742
0.00089329
0.013954
0.0086355
0.011112
0.015128
0.0079914
0.0039258
0.0080166
-0.011412
-0.0088488
-0.01308
-0.00063535
-0.0069549
-0.004267
-0.0096153
0.00034618
-0.0039023
-0.0067478
0.0017093
0.004466
0.0067747
-0.00018171
0.002685
-0.0053656
-0.0033123
0.011273
0.0075819
0.0050533
-0.0052425
0.00072481
-0.0064872
0.0038774
0.011256
0.0019066
0.0070803
-0.0050923
-0.012073
-0.0093844
-0.0064843
-0.009946
-0.013129
-0.0068428
0.0064659
0.004546
0.0031582
0.011732
0.0015334
-0.0065143
-0.0065333
-0.0086471
0.010003
0.0024313
0.0057105
0.016851
0.011892
0.021121
0.015928
0.01539
0.012175
0.0081888
0.0061701
0.0076002
0.006508
0.0010794
0.013463
0.0092026
0.0018779
0.0010721
0.00073559
-7.8973e-05
-0.014888
-0.03231
-0.026332
-0.012532
-0.008192
-0.014942
-0.011303
-0.0063569
-0.0022627
-0.0024688
0.0079242
0.010729
0.0082819
0.008772
0.0035788
-0.0043687
-0.0069758
-0.01391
-0.0024233
-0.0033636
0.0016943
-0.0043138
-0.02013
-0.017086
-0.0094707
0.00064816
9.8946e-06
0.0041593
0.0045695
0.0068825
0.0012044
0.012634
0.0094379
0.0096884
0.010568
0.012202
-0.0017098
-0.0004711
0.0085789
0.0072759
0.00073213
0.0011191
-0.0018493
-0.011151
-0.0094136
-0.0075119
-0.0022835
-0.004869
0.00027912
-0.0058444
-0.0031874
0.0074149
0.0064558
-0.00061618
-0.0034475
-0.017334
-0.015125
-0.0084261
-0.020861
-0.028863
-0.017301
0.0063772
-0.0075135
0.0038683
0.012501
0.0064224
0.019967
0.0068853
0.00097521
0.0052901
0.014327
0.01356
0.012406
0.017423
0.022037
0.0080024
0.021811
0.013981
0.023511
0.021523
0.012626
0.0049584
-0.001844
-0.013608
-0.011323
-0.005851
-0.0099958
-0.0083609
0.0025164
0.0047222
0.0078678
0.019382
0.012543
0.0018318
-0.010109
-0.015112
-0.0029996
-0.0062156
-0.01985
-0.0049466
-0.011725
-0.0043463
-0.014215
-0.016457
-0.0097013
-0.015172
-0.01872
-0.011367
-0.0099258
-0.0064346
0.0071755
-0.0075829
0.00012799
0.0033872
-0.00012151
-0.0060329
-0.0091234
-0.016169
-0.011106
0.0015434
-0.0054673
-0.009821
-0.018886
0.015505
0.012252
0.00095131
-0.017378
-0.0077072
0.010119
0.011575
-0.0015403
-0.00459
0.0041768
0.011278
-0.0013664
-0.007656
0.0013747
-0.020215
-0.0026124
0.038489
0.028924
0.035042
0.025534
0.037871
0.03183
0.027956
0.012067
-0.00092765
0.0013515
0.0014316
0.0010989
-0.0052308
-0.013927
-0.0044824
0.008962
-0.008037
0.0022144
0.012764
0.023474
0.030011
0.024885
0.014953
0.00079146
-0.00011108
-0.0037383
-0.01146
-0.014685
-0.020208
-0.0046097
-0.011912
-0.02582
0.0010985
-0.0025794
-0.0068485
-0.0044914
-0.010424
-0.023166
-0.033682
-0.022847
-0.035003
-0.032056
-0.039182
-0.029161
-0.044034
-0.045555
-0.0040939
-0.0039717
-0.019812
-0.029558
-0.034229
-0.041018
-0.024943
0.0052094
0.019969
0.02446
0.027357
0.021366
0.028225
0.027114
0.035633
0.026477
0.03523
0.030433
0.038038
0.032662
0.037418
0.037601
0.025927
0.017853
0.0241
0.018888
0.021312
0.025923
0.01287
0.0109
0.010033
0.0068445
0.0022327
-0.0070156
-0.014822
-0.008044
-0.0092246
-0.016989
-0.0093206
-0.01291
-0.021457
-0.011404
-0.012487
-0.023654
-0.011662
-0.002393
-0.017292
-0.012428
-0.021247
-0.03086
-0.014897
-0.016535
-0.010966
0.002984
-0.00095335
0.0079764
0.012726
0.010811
0.012313
0.0034328
-0.00081289
-0.0023232
-0.016026
-0.010788
0.0021146
0.003945
0.0046809
-0.0057335
-0.0068007
-0.0035361
-0.0091356
-0.021001
-0.0091776
0.0079938
0.0032177
-0.0041518
0.0084699
0.00037942
-0.0080561
0.0090025
0.020856
0.024225
0.032453
0.017274
-0.00037573
-0.0047718
-0.0009014
-0.00041875
0.0050054
0.0054775
-0.0054786
0.0035749
0.0062748
0.0012873
-0.01642
-0.010478
-0.0069423
-0.015421
-0.022931
-0.0022706
-0.00057981
0.022331
0.0065783
0.0010401
-0.0062803
0.0067112
0.003201
0.00065558
0.00074302
-0.012348
-0.010918
-0.019915
-0.0057088
-0.00018138
0.0089275
0.0019332
0.0059864
0.0046539
0.014459
0.0049483
0.006549
0.00011236
-0.0026074
-0.0041581
0.0059305
0.0013864
-0.0054984
-0.0010931
0.00048111
0.0021249
0.0042356
0.0047214
0.0010912
-0.004171
-0.0014181
0.0028103
-0.00025582
0.00066852
0.0013551
-0.0083366
-0.0072682
0.0011317
0.0030412
-0.0047883
-0.017357
-0.016931
-0.013761
0.00071136
0.011453
0.010952
0.010998
-0.0034786
-0.0021171
0.0086857
0.010275
0.014243
0.013135
0.018897
0.018077
0.0068675
0.0094182
0.0082036
0.0014533
-0.00047717
0.0017551
0.0037916
0.0029167
0.010095
-0.0027197
0.0057074
0.0015652
0.0045571
0.0054963
0.0099312
0.013342
0.020043
0.016214
0.0070138
-0.0010164
-0.021296
-0.016371
-0.013694
-0.0095524
-0.022761
-0.026158
-0.025892
-0.022691
-0.023286
-0.035479
-0.03083
-0.038655
-0.03208
-0.0059343
-0.0072726
-0.019566
-0.026045
-0.017041
0.0050065
6.9098e-05
-0.0067509
0.0088095
0.0091188
0.013011
0.0040157
-0.002525
0.004134
0.00068872
0.0019839
0.0084356
-0.002189
0.0080509
0.017302
0.0090318
0.015608
0.017167
0.026266
0.014331
0.014989
0.02047
0.019293
0.022676
0.019754
0.019541
0.0094104
0.002253
0.011243
0.017662
0.014714
0.013952
0.025354
0.013912
0.0046958
0.010724
0.014592
0.018273
0.022343
0.0016992
-0.011321
-0.02411
-0.016573
-0.028998
-0.02894
-0.013067
-0.0029814
0.010484
0.0061137
0.0033975
0.0047756
0.0020872
-0.002008
-0.0029105
-0.013831
-0.013482
-0.0079442
-0.012297
-0.017936
-0.014582
-0.017911
-0.017361
-0.0013053
-0.0093024
-0.018967
-0.025794
-0.020545
-0.02569
-0.010776
-0.0084131
-0.016614
-0.020788
-0.0027223
0.0022866
-0.0023948
0.0063474
-0.016546
-0.0091081
-0.0045934
-0.011639
-0.012046
0.0011709
0.00067324
0.011765
0.015676
0.008359
0.006406
-0.0020289
0.0088855
0.021672
0.028145
0.032419
0.031315
0.025332
0.0054439
-0.0066248
6.346e-05
0.0061416
0.012367
0.013164
0.012033
-0.0015273
0.0057581
0.02739
0.015782
0.0043041
-0.019244
-0.0098465
0.002267
0.012251
0.019415
0.018091
0.013887
0.0097491
0.00073515
0.011467
0.0092378
0.012704
0.0059406
0.00030301
-0.0096845
-0.0070817
-0.010982
-0.016629
-0.01091
-0.017795
-0.0091159
-0.012341
-0.012655
-0.013923
-0.026726
-0.021303
-0.024798
-0.012141
-0.0030096
-0.009252
-0.01397
-0.0076832
-0.015548
0.0056184
-0.0072079
-0.00099906
0.0063731
-0.0048505
0.0043131
0.01211
-0.006704
-0.01132
-0.0065464
-0.00068624
-0.0038694
0.0055908
0.0032972
-0.00043679
0.0025499
-0.0042232
-0.002986
-0.005717
-1.0226e-05
-0.0082662
-0.0082539
-0.0045016
-0.0042728
-0.0068885
0.0142
0.020705
0.017858
0.024583
0.014937
0.011188
0.012703
0.019495
0.01487
0.017701
0.020393
0.018009
0.022001
0.02349
0.016128
0.0038865
-0.018881
-0.023084
-0.0094241
0.001182
-0.0020737
0.0084767
0.0052502
0.0017729
0.0052889
0.012956
0.014382
0.012498
0.0071652
0.0028308
-0.0099209
-0.011853
-0.01235
-0.018677
-0.0082454
-0.016124
-0.032114
-0.035795
-0.03692
-0.051079
-0.028295
-0.0052731
-0.011284
-0.00025155
0.011457
0.0077119
0.010106
0.011119
0.0086847
0.0094791
0.0027736
0.0055258
0.0021136
-0.0027262
0.011512
0.0070037
0.0046586
0.0095578
0.011372
0.0021805
-0.00098875
0.001792
-0.0094861
-0.0010159
-0.0021294
0.002952
-0.0024964
-0.0084111
-0.006076
-0.018483
-0.00040739
-0.0070149
-0.0012159
-0.00048876
-0.013285
-0.0076141
0.0014686
-0.0020624
-0.0093947
-0.0018168
-0.0048017
5.5976e-05
0.010412
0.0069221
0.014793
0.0032662
0.0018993
0.0070594
0.0076291
0.0070862
0.0054101
0.010929
0.0053477
0.0039617
0.0050361
0.013074
0.014506
0.010565
0.014476
0.0027403
0.0033603
0.012545
0.019688
0.018707
0.010425
0.013288
0.0057794
0.0070698
0.0093568
-0.0050942
-0.010305
-0.014279
-0.0055907
0.0020572
-0.013269
0.00202
-0.0034283
-0.01348
-0.020837
-0.013322
-0.011284
0.0070677
-7.4249e-05
-0.00316
-0.0014601
0.0017189
-0.01021
-0.010087
-0.011544
-0.022348
-0.006324
-0.012477
-0.018268
-0.014941
0.0056138
0.0088798
0.001683
-0.00030651
0.0042153
0.014266
0.017704
0.0045602
-0.0033832
-0.0025552
-0.0078294
-0.0014851
-0.011526
-0.0090603
-0.0030903
-0.0049122
0.013819
0.014089
-0.0032487
0.00023316
-0.0010555
-0.01006
-0.010611
-0.0058692
0.0056222
0.0056983
-0.0042699
-0.010032
-0.011917
-0.014361
0.0068437
-0.003265
-0.0045436
-0.0072491
0.0034297
0.0058568
-0.0042584
-0.012004
-0.014953
-0.020847
-0.0064778
-0.012933
-0.016619
-0.012135
-0.012765
0.0054817
0.033209
0.031269
0.036973
0.033326
0.042529
0.032907
0.021636
0.015243
0.011901
-0.00020257
-0.0050106
-0.0070084
-0.014099
-0.013395
-0.01151
-0.015852
0.028419
0.026191
0.050321
0.050568
0.042143
0.020172
0.015353
0.015993
0.011065
-0.0065416
-0.0072213
-0.0087483
-0.013857
-0.014258
-0.001303
-0.0083496
-0.014641
-0.010816
-0.011717
-0.011055
-0.018451
-0.016401
-0.020804
-0.017533
-0.01835
-0.015134
-0.025769
-0.0089136
-0.023392
-0.021338
-0.021232
-0.015857
-0.0050568
-0.015997
-0.019329
-0.018917
-0.024223
-0.017921
-0.024103
-0.020231
-0.020452
-0.019468
-0.025765
-0.024586
-0.033357
-0.035124
-0.01018
0.018237
0.0050024
0.02686
0.053286
0.060362
0.057313
0.047599
0.041192
0.031512
0.024067
0.013851
0.0097909
0.005152
0.0036951
-0.0036455
-0.0043909
0.0036713
0.015597
0.018886
0.013425
0.01012
0.023563
0.037095
0.045322
0.034681
0.029539
0.006838
-0.001358
0.0021241
-0.00018846
-0.005853
-0.019422
-0.0077689
-0.014506
-0.012427
-0.019206
-0.020892
-0.026164
-0.026373
-0.0043797
-0.014533
-0.018395
-0.031487
-0.032188
-0.021778
-0.015502
-0.023812
-0.023717
-0.014534
-0.0063872
-0.0089127
0.015672
0.0044114
-0.012433
0.010237
0.0052201
-0.00083234
-0.012949
0.0025619
0.0076885
-0.0032463
0.0081072
0.00034954
0.0095289
0.0095881
0.0044557
-0.0075969
0.0058011
0.0076727
0.025985
0.025685
0.021091
0.017924
0.0059908
0.0078212
0.018492
0.0084879
0.0061911
0.018056
0.0079745
-0.00069741
-0.0052963
-0.012303
-0.022986
-0.015748
-0.01024
-0.00093233
0.0049273
-0.0059169
-0.015609
-0.014717
-0.0063808
0.0082052
-0.0051713
0.0029599
0.0077509
-0.0010197
-0.0069925
-0.021589
-0.015209
-0.019627
-0.016991
-0.022141
-0.0018499
0.013493
0.014612
0.005988
0.010376
0.013671
0.022401
0.028027
0.018769
0.016153
0.0068916
0.011489
0.010075
-0.0098438
-0.0067897
-0.015974
-0.023557
-0.032852
-0.027532
-0.01181
-0.00013405
0.0031533
-0.0060081
0.012295
-0.00081504
0.0052057
0.0046703
-0.0039483
0.0010936
0.013676
0.012628
0.0076163
0.018295
0.0072978
-0.0008788
-0.0063493
-0.014308
0.014454
0.022785
0.0036397
0.002635
-0.005607
0.005974
-0.0036351
-0.0094147
0.011053
0.013583
0.0010543
-0.0038054
-0.015972
-0.022255
-0.018711
-0.018431
-0.019114
-0.019365
0.0043991
0.021107
0.023038
0.01394
0.0029319
0.015016
0.012776
-0.00054527
-0.0052564
-0.012535
0.0081482
0.01967
0.012768
0.016605
0.0030988
-0.0054743
-0.0065125
-0.019256
-0.023762
-0.030816
-0.022078
-0.024703
-0.02838
-0.02073
-0.00089396
0.017002
0.030529
0.025291
0.0126
0.006872
0.018021
0.00982
0.012204
-0.00089402
-0.0065916
-0.013154
-0.0087272
0.0069948
0.0079075
0.0051319
0.0060547
-0.0043853
-0.0088434
0.0059991
0.010273
0.0043891
0.0030443
-0.0039158
-0.023296
-0.016357
-0.015677
-0.011177
-0.015362
0.0013135
0.0064789
0.0085299
0.025058
0.014685
0.012713
0.00049838
-0.0028395
-0.0060436
0.0057724
0.011495
0.0061614
-0.016471
-0.00072378
-0.0067982
-0.013014
-0.018587
-0.013554
-0.024937
-0.015518
-0.0064832
0.0024174
0.0095826
0.007372
0.010027
0.017804
0.012296
0.012758
0.013526
0.011116
-0.0046901
0.0072547
0.0090522
0.015939
0.024906
0.009162
0.0078785
0.0041832
0.0058667
0.0042067
0.013158
0.0058151
0.0079244
0.0020925
0.0012603
-0.0064277
-0.0061831
-0.00047564
0.0031647
0.0011869
-0.0014499
-0.0088549
-0.013723
-0.012198
-0.018285
-0.010786
-0.028271
-0.033111
-0.021428
-0.017798
-0.01957
-0.015927
-0.010467
9.0529e-06
-0.0022509
-0.022555
-0.03062
-0.028466
-0.0076523
-0.0054839
-0.0034161
0.0057803
0.0018892
-0.00097729
0.0095126
0.014806
0.025498
0.010563
0.01346
0.0075691
0.014878
0.014759
0.019015
0.0085275
0.0078128
0.015521
0.026846
0.026127
0.021801
0.027591
0.027306
0.0135
0.019898
0.019914
0.013491
-0.00059992
-0.0070636
-0.013502
-0.017442
-0.016547
-0.0027049
-0.0041825
-0.0036426
-0.022924
-0.030838
-0.017951
0.0074951
0.011347
0.020264
0.018876
0.0090348
-0.0074067
-0.011561
-0.018955
-0.025642
-0.011507
-0.00088809
0.010116
0.011457
6.8575e-05
-0.0084668
-0.0012052
0.007351
0.0098034
-0.0019979
-0.0067277
-0.018832
-0.0091687
-0.0086086
-0.023337
-0.022604
-0.032366
-0.01138
-0.0059126
0.003309
0.0098466
-0.0073287
-0.0073494
0.00012957
-0.006538
-0.01193
0.0057045
0.014886
0.0012804
0.0020806
-0.0013984
0.0072183
0.024624
0.028487
0.026808
0.016049
0.015026
0.01396
0.010212
0.0099403
0.0070385
0.0012397
-0.0093736
-0.0036878
0.0028556
-0.0011138
-0.017422
-0.025443
-0.026687
-0.033642
-0.040471
-0.036797
-0.036205
-0.027247
0.0010128
0.0068928
0.0061621
0.0044621
-0.0025498
0.014987
0.020663
0.023798
0.018218
0.025449
0.029335
0.023113
0.02347
0.016579
0.018156
0.019462
0.015174
0.01702
0.021699
0.022926
0.021141
0.019067
0.017478
0.0018714
-0.0082559
-0.0074687
-0.013616
-0.0081372
-0.0023871
-0.0086955
-0.020352
-0.026594
-0.025063
-0.014959
-0.017925
-0.021614
-0.016596
-0.0083199
-0.016429
-0.020314
-0.021595
-0.005839
-0.0045371
-0.010771
0.0039367
0.00067453
0.007698
0.01124
0.011915
0.0078844
0.010173
0.0089507
0.0073255
0.012259
0.0040851
0.0089365
-0.0030135
0.013752
0.016775
0.0077249
-0.0057805
-0.012921
-0.022925
-0.035367
-0.0096662
0.0013303
-0.0022931
-0.011284
-0.0013339
-0.0024651
-0.00010342
-0.021455
-0.014074
-0.024226
-0.023521
-0.00073365
-0.00078784
0.0056267
0.0074798
0.0043724
0.013329
0.01798
0.015975
0.013567
0.018435
0.011941
0.0073816
0.0076273
0.0089052
0.0059377
0.006801
0.0028886
0.016699
0.0034476
-0.0098875
-0.004745
-0.011341
-0.0044259
-0.0011434
-0.0019177
-0.0010473
0.0056613
0.0045084
0.013828
0.020301
0.017629
0.012991
0.012568
0.0095287
0.011232
0.0055458
0.005063
0.0067088
0.0085957
-0.0054368
-0.0036882
-0.0027953
-0.0086644
-0.011205
-0.016117
-0.034728
-0.029964
-0.014597
-0.019049
-0.020172
-0.024702
0.002647
0.0069437
0.0099802
0.0077517
0.010119
0.0089955
0.0059264
-0.0033053
0.0032839
0.0064276
0.00031412
0.005037
0.0066259
-0.001036
0.010325
0.0084901
-0.0045323
-0.0013579
-0.018473
-0.01996
-0.0087605
-0.012759
-0.012899
-0.017859
-0.017928
-0.026571
-0.0061024
0.0017971
0.0025503
-0.0029005
0.0043798
-0.0084852
-0.0071715
-0.0053154
0.0025301
0.0082789
0.015466
0.020705
0.014541
0.0027957
0.011219
0.015299
0.018329
0.014023
0.013345
0.0024563
0.0033889
0.0074896
0.0089027
0.0070159
0.011063
0.0029047
0.0052212
0.0087144
0.0049957
-0.0014148
0.0011956
0.013187
0.0060913
0.0015148
0.0052957
0.010003
0.007932
0.0067535
0.0052041
0.0030247
-0.00086074
-0.00085324
-0.004337
-0.019107
-0.018285
-0.0049377
-0.0044956
0.0043503
0.0091726
0.0085567
0.0050181
0.0024313
-0.00088534
-0.0075968
-0.0096327
-0.0074564
0.00040523
-0.015359
-0.022033
-0.021291
-0.027691
-0.030995
-0.033582
-0.030268
-0.021411
-0.013766
-0.029179
-0.022091
-0.026207
-0.034742
-0.023437
-0.023391
-0.011002
-0.00012417
0.023499
0.025367
0.02282
0.020641
0.022663
0.02764
0.027497
0.024155
0.022881
0.019273
0.02746
0.030816
0.032226
0.027468
0.025328
0.026022
0.025365
0.034101
0.022786
0.0033316
0.0057917
0.0034418
-0.0058437
-0.018521
-0.010172
-0.0088209
-0.0015277
-0.0050464
-0.0080972
-0.0076349
-0.0075781
0.00093679
0.019393
0.0017269
-0.00056506
-0.013045
-0.014109
-0.023595
-0.012959
-0.020953
-0.014048
-0.0039876
0.0011764
-0.0079012
-0.013623
-0.013556
-0.017371
-0.019768
-0.0084421
-0.01485
-0.014529
-0.027964
-0.0026269
0.018522
0.015289
0.0063345
-0.01256
0.0044331
0.010924
-0.0024742
0.0098561
0.0095252
0.013109
-0.0027095
-0.0087409
0.0047836
0.010511
0.019164
-0.001972
-0.0078846
-0.016931
-0.002545
0.0084132
0.0041195
-0.0023458
-0.0036107
0.0044929
0.011406
-0.0038516
-0.0093209
0.0052583
-0.0044692
-0.01352
-0.010957
-0.0011652
0.014344
0.00783
0.0039401
-0.0022577
-0.0095866
-0.0085614
-0.015802
-0.013484
-0.0063496
-0.0049776
0.015372
0.024128
0.019925
0.010941
0.0073672
0.0091031
0.0089598
0.013633
0.0063615
0.020008
0.0048189
-0.0088331
-0.0060392
-0.0060019
-0.0012667
-0.0064076
-0.0023974
-0.011307
-0.0025893
0.0066643
-0.0033354
-0.012395
-0.0020929
-8.3719e-05
-0.00082986
-0.019747
-0.011778
-0.025915
-0.01246
0.024851
0.0096073
0.021917
0.026589
0.0057301
0.0078072
0.021927
0.029919
0.013767
-0.00061049
-0.0055453
0.015843
0.026211
0.020545
0.015861
-0.0046966
-0.0088036
0.0029018
-0.011806
-0.017589
0.0089727
-0.0028995
-0.002936
-6.9773e-05
-0.0041387
-0.010394
-0.010846
-0.016483
-0.016575
0.0011338
-0.0086962
-0.0199
-0.028087
-0.0023388
-0.0049995
-0.014744
-0.00716
-0.010083
-0.021079
-0.02215
-0.036521
-0.040339
-0.042698
-0.051441
-0.042222
-0.018123
0.0049704
0.021264
0.010626
0.0097616
0.020597
0.019733
0.012701
0.012973
0.026138
0.025868
0.019639
0.0013693
0.0075886
0.016252
0.01787
0.028965
0.019296
0.017784
0.011555
0.010004
0.014639
0.012575
0.016834
0.016157
0.0080611
0.010671
0.0086089
0.011706
0.0091614
0.0045746
0.0070277
0.005244
0.0062565
0.0052731
0.0030218
-0.0013832
0.0042124
0.0016521
-0.0023359
-0.0056078
-0.011066
-0.011053
-0.020906
-0.016314
-0.0063928
-0.0091275
-0.011344
-0.0098464
-0.002253
-0.0096008
-0.0012979
-0.0071198
0.012591
-0.006124
-0.015116
-0.01294
0.0017155
-0.0049002
-0.0074392
-0.0020416
-0.028458
-0.044103
-0.038245
-0.023217
-0.0019323
0.0033736
0.015196
0.0065529
0.0081925
0.0081658
0.0069752
0.013107
0.0054454
0.0061323
0.0088572
0.0033635
0.0068167
-0.0012467
0.0093587
0.0022556
0.0035011
0.0016874
0.0032971
0.012855
0.0079572
0.01136
0.0037695
0.021558
0.010191
0.0052772
0.010218
0.014314
-0.0023905
0.0078169
-0.0016999
-0.022599
-0.019895
-0.007518
-0.0045658
-0.0063845
-0.0028426
-0.0020013
-0.0085558
-0.015752
-0.0062833
-0.015883
0.0036332
0.0047135
0.010971
0.0081739
-0.0053049
-0.0027248
0.0040424
-0.0052488
-0.00292
0.0050398
0.0090916
0.0005634
0.011521
0.0038507
-0.00024962
-0.0075354
-0.0036614
-0.00082958
0.013563
0.0086472
0.0068223
0.0049227
0.0026526
0.00049176
-0.0028778
-0.00034368
-0.0064795
-0.0085468
-0.011267
-0.010086
-0.0050482
-0.0039231
-0.0046113
0.0087933
0.0059982
0.0054516
0.00050693
0.00028639
-0.0019897
0.00094802
-0.007577
-0.0018708
-0.015968
-0.001153
0.0035178
0.0034041
-0.0001484
0.0026687
0.0060086
0.0011439
-0.0075087
-0.00041795
0.0058693
0.0085521
0.002914
-0.0014814
-0.0040427
-0.00074533
0.0096058
0.010948
0.012593
0.010043
0.01782
0.020014
0.016035
0.012016
0.013545
0.0093479
-0.0017432
-0.0057289
-0.0075068
-0.0069087
-0.019162
-0.024092
-0.018633
-0.014502
-0.020521
-0.011078
0.0043641
-0.016077
-0.008758
-0.02031
-0.02133
-0.02468
-0.026907
-0.0053671
-0.0094934
-0.010964
-0.01606
0.01607
0.0020607
0.0041381
-0.0064393
-0.00081847
0.012688
-0.0036942
0.005453
0.0015214
0.0090135
-0.005334
0.0025915
0.0044835
0.012245
0.0029705
-0.0041717
0.0099148
0.017957
0.024914
0.01542
0.0052301
0.0076495
0.0028364
-0.0019644
-0.0049559
0.011116
0.033512
0.043235
0.042981
0.04432
0.022707
0.017422
0.0025703
0.012772
0.013762
0.0078287
-0.0062824
0.0083455
0.0082277
-0.0028369
-8.5871e-05
0.0069908
-0.003008
-0.014566
-0.014687
-0.001213
-0.011479
-0.010207
-0.0099244
-0.023266
-0.015146
-0.00023865
-0.013803
-0.017635
-0.023757
-0.012652
-0.015118
-0.030408
-0.037936
-0.038983
-0.040716
-0.03401
-0.010037
-0.023847
-0.010292
-0.026967
-0.037182
-0.035951
-0.030724
-0.0068409
0.02521
0.041761
0.035214
0.034082
0.030112
0.01167
0.012416
0.013472
0.012255
0.0097285
0.012861
0.012551
0.0043031
-0.003512
0.016701
0.017416
-0.0030734
0.011488
0.02151
0.024676
0.011934
0.014043
0.013084
0.0044331
-0.0090649
-0.0085191
-0.013732
-0.010598
-0.024313
-0.023131
-0.013796
-0.0091275
-0.013786
0.00061279
-0.010992
-0.013797
-0.0027345
0.020976
0.029632
0.022051
0.017251
0.010891
0.015554
0.011001
0.01633
0.0011558
0.0076344
0.0043416
-0.0085166
-0.0022838
0.0079458
-0.0026525
0.010373
0.015032
0.0017903
-0.0010105
-0.015422
-0.011337
-0.019239
-0.0097665
-0.012578
0.009652
0.0073016
0.0074889
-0.0046053
-0.0070972
-0.010669
0.0046089
-0.0013416
0.00077739
-0.0011792
-0.01237
0.0090953
1.6822e-05
-0.0037903
0.0027467
0.0088309
0.007458
0.0051012
0.0040415
0.016554
0.0014705
-0.0035733
-0.0071873
-0.015833
-0.023307
-0.0024019
-0.0077159
-0.0066116
-0.017086
-0.022767
-0.022327
-0.003836
0.016436
0.0052816
0.0011623
0.012052
0.011967
0.00082184
0.0051326
-0.0080968
-0.0012308
0.0095681
-0.00020988
0.0051502
0.010852
0.0012986
0.014026
0.019398
0.0035286
-0.00066532
-0.0020471
0.0075014
-0.0005869
-0.011403
0.00040708
0.0065126
0.0021265
0.004845
0.0019541
0.010128
0.0039167
-0.0089867
0.01633
0.013529
0.0081558
0.0059901
0.0056372
-0.013008
-0.010849
-0.010565
-0.014654
-0.0020296
0.010255
0.013037
0.016789
0.012233
0.018339
0.0091
-0.0010026
-0.0024471
-0.0095914
-0.003142
-0.016103
-0.0081861
0.01211
-0.0024742
-0.0091694
-0.020179
-0.022195
-0.032656
-0.02681
-0.025112
-0.037428
-0.039554
-0.022379
-0.02137
-0.0050702
0.0045293
-0.0054735
0.0055994
0.014015
0.0074608
0.015362
0.021775
0.028542
0.022096
0.024787
0.028705
0.020451
0.013846
0.013811
0.019375
0.01259
0.017569
0.01293
0.0092436
0.0021689
-0.0051955
-0.012395
-0.012641
-0.0029256
-0.01205
-0.0056014
-0.0029478
-0.0012748
-0.0099313
-0.014442
-0.016105
-0.015463
-0.014455
-0.013013
-0.010568
-0.0012456
0.0094017
0.0023497
0.0061933
-0.003637
-0.0067463
-0.0043519
-0.0071032
-0.005085
0.0090551
0.010296
-0.00072001
0.001194
0.012613
-0.0059044
0.00010126
-0.0033843
0.0059168
0.010242
0.0096297
0.013016
0.0039434
-0.0011867
-0.0068706
-0.00032461
-0.008929
-0.0037911
-0.011371
-0.015158
0.0026824
0.0096053
0.012374
0.012987
0.01843
0.014888
0.0067831
0.013749
0.0093143
0.012889
0.0020377
0.010344
0.0085245
0.0064191
0.019747
0.0067597
0.008504
0.016897
0.020149
0.0017718
-0.014797
-0.019356
-0.028247
-0.034845
-0.010408
-0.0042092
-0.0045298
-0.005522
-0.012914
-0.010777
-0.015582
-0.023012
-0.017433
-0.019363
-0.013025
-0.0094512
-0.0084817
0.005146
-0.010438
-0.019163
-0.023944
-0.035343
-0.012021
-0.0023559
-0.0016847
-0.0022308
0.0045723
-0.015367
0.0033226
0.016232
0.018097
0.022416
0.021524
0.012176
0.01148
0.0070876
0.022061
0.018677
0.018298
0.022175
0.015501
0.011448
0.00040693
0.015479
0.011168
0.0025081
-0.0089001
-0.010353
-0.0061406
-0.00013383
-0.00016224
0.010332
-0.0019328
-0.0050055
0.013336
0.0066853
0.010719
0.0081915
0.0050012
-0.0081773
-0.0041825
0.00059309
0.00095973
-0.0053337
-0.016733
-0.016227
-0.019084
0.0077083
0.0046057
0.01214
0.0058129
-0.0023881
-0.004389
-0.0094465
-0.015504
-0.0080759
-0.012853
-0.0089484
-0.0015191
0.0023509
0.0084774
0.01399
0.010739
0.0053631
0.0023629
0.001474
0.0078333
0.01404
0.0015052
0.00042906
-0.0003744
-0.013746
-0.010897
-0.0081741
-0.018163
-0.0036398
-0.0059816
-0.0057576
0.0033325
-0.0022475
-0.011315
-0.0063698
-0.0019139
0.004768
0.005557
0.0039092
-0.0081784
-0.0077276
-0.012121
-0.012713
-0.0087926
-0.013518
-0.027045
-0.021927
-0.0064892
0.01506
0.0072127
0.011618
0.0071726
0.011706
0.011436
0.011288
0.023305
0.01108
0.019724
0.013331
0.012306
0.0059123
0.0037179
0.0044616
0.0068032
0.021932
0.010413
0.018275
0.017554
0.017935
0.00027597
-0.0001225
-0.0072264
-0.0034494
-0.0064938
-0.014832
-0.014527
-0.022479
-0.028657
-0.026993
-0.017736
-0.016447
-0.014633
-0.010476
0.0018488
0.00062366
0.0058183
0.0052498
0.01849
0.014749
0.013954
0.011204
0.010095
0.0044026
0.0046998
0.00051962
-0.010163
-0.0042125
-0.001875
-0.00833
-0.018192
-0.010513
-0.00011657
-0.015168
0.0068084
0.013627
0.010096
0.015177
0.0071153
-0.0030435
-0.00023119
0.0065852
0.0037229
-0.0026979
-0.0010441
-0.0022813
0.00059614
-0.0055753
-0.0035645
0.0064332
0.0097296
0.002526
-0.012779
-0.010002
-0.0056366
-0.0021507
-0.0034491
-0.010885
-0.022582
-0.014283
-0.0016421
-0.0050281
0.011105
0.015739
0.007334
0.0082455
0.0033693
-0.0078326
-0.023053
-0.0081549
-0.0030948
0.0022323
0.0091575
0.0049493
0.014161
0.0039904
0.0027096
0.0075371
0.00024041
-0.0072257
-0.016353
-0.0020678
0.0045653
0.0082936
-0.012676
0.0035975
0.0082614
0.010854
0.004097
0.0067063
0.005424
0.0068852
0.012514
0.015894
0.0060559
0.0090785
0.0098849
0.010397
0.013663
0.0094417
0.0071725
0.010264
0.011051
0.0026762
-0.0048705
-0.0070589
-0.0076487
-0.01015
-0.012008
-0.0091127
-0.011732
-0.012491
-0.0055067
0.00085462
-0.0073448
-0.0029433
-0.0083969
-0.0032984
-0.01562
-0.01921
-0.015392
-0.0066747
-0.009193
-0.012355
-0.0085662
-0.015887
-0.015861
-0.0098581
0.00016358
0.0066539
0.013126
0.0011833
0.012106
-0.0054167
0.0055833
0.0014486
0.0021028
-0.0029301
0.0069802
7.7145e-05
-0.0021687
0.0003344
0.0068642
0.0040502
0.0098626
0.013678
0.015728
0.0078787
0.0041475
0.0048642
-0.0039295
0.0014154
-4.5674e-05
-0.00040852
0.0045787
0.0036309
0.0054482
-0.0015814
0.0042609
0.0078234
0.012359
0.014689
0.0085637
0.010643
0.01332
0.0028849
-0.0058554
0.0049063
0.01068
0.0019667
0.009344
0.004207
-0.0032968
-0.0080237
-0.01967
-0.039099
-0.034518
-0.039422
-0.039607
-0.017891
-0.0041301
-0.0037159
0.00091668
0.0070107
0.015209
0.012476
-0.0020483
0.00062979
0.01118
0.00074822
0.0037875
-0.0008095
0.0097082
0.0074959
0.015114
0.018604
0.012601
0.010627
0.00030749
0.00060187
0.0050556
0.0027487
0.00943
0.0046511
0.0010589
0.0036149
0.013653
0.0053643
-0.0063495
-0.011137
-0.0085234
0.0013522
-0.0031808
0.0060866
0.0023031
-0.0021962
-0.0049137
0.0032014
0.0016048
-0.0034961
-0.010088
0.0021039
0.0041801
0.0071989
0.0021814
0.010494
-0.0072634
-0.011211
-0.017633
-0.02189
-0.017609
-0.021944
-0.031061
-0.033287
-0.015522
-0.016527
-0.0058773
-0.00013183
0.012248
0.0063198
0.013349
0.013195
0.0058772
0.010796
0.016386
0.0042696
0.0094331
0.0094443
0.0065711
-0.0025221
0.0026081
0.0015783
0.0051071
0.0079747
0.0097867
0.0027029
-0.0012352
-0.0059449
-0.014392
-0.0050563
0.0015858
0.0054658
0.0092859
0.012864
0.0032313
0.0020112
0.016116
0.018236
0.014595
0.0084469
0.01164
0.017381
0.0070719
0.004976
-0.008857
-0.011303
-0.0058184
-0.013902
-0.0015864
-0.0027257
0.0055158
-0.0073917
-0.0084807
0.0076062
0.01581
0.0093628
0.0098078
0.0032399
-0.0028409
-0.0079052
-0.0081009
-0.018127
-0.020347
-0.0083271
-0.015507
-0.020691
-0.025427
-0.014887
-0.007653
-0.00048458
-0.009403
-0.0049054
-0.0067762
0.0080786
0.0090449
-0.00097158
-0.0094107
-0.024561
-0.0029157
-0.00043583
0.0034833
0.018019
0.021478
0.012729
0.006229
-0.006025
-0.006208
-0.016796
-0.015523
0.0055244
0.015852
0.0071419
0.012954
0.015996
-0.0004838
-0.0036643
-0.0047085
0.0083029
0.016534
-0.0023633
-0.0031346
0.012125
0.0051346
-0.0081423
-0.015707
-0.0090648
0.0012224
0.0083514
0.0082609
0.019063
0.033564
0.019218
0.0096725
0.0049658
-0.0059392
-0.010245
-0.004798
0.0099361
0.0073161
0.0045645
0.017999
0.026989
0.014538
-0.0012179
-0.008606
0.0035499
0.010506
0.0035224
-0.013289
-0.010189
-0.019448
-0.011221
-0.016567
-0.011848
-0.0096482
-0.024162
-0.021334
-0.029479
-0.020675
-0.012236
-0.0015213
0.016157
0.023605
0.005188
-0.0046207
-0.0050033
0.01104
0.0056916
0.0090887
-0.0099109
0.0040996
-0.0058756
-0.025
-0.0050585
-0.005611
-0.013133
-0.028981
-0.024897
-0.038545
-0.024666
-0.017367
-0.020267
-0.037236
-0.028521
0.0071907
0.012033
0.020076
0.022753
0.022976
0.020758
0.015477
0.025093
0.022002
0.024871
0.022913
0.0297
0.023196
0.029105
0.01281
0.0046612
0.0014001
0.015014
0.023274
0.020762
0.021631
0.024672
0.016637
0.023559
0.015968
0.0035098
-0.0030541
-0.010973
-0.017799
-0.021113
-0.010851
0.0050584
0.022581
0.022922
0.020382
0.0095432
0.0037903
0.0096608
0.0010611
0.011121
-0.0063429
-0.012408
-0.0093434
-0.018755
-0.024363
-0.033038
-0.028829
-0.036932
-0.040837
-0.038747
-0.024817
-0.028067
-0.032128
-0.028826
-0.041275
-0.034585
-0.033613
-0.039159
-0.031576
-0.0014791
0.011531
0.012347
0.0096325
-0.011892
0.0056523
0.010904
0.0022461
0.0064171
0.01326
0.0026003
0.020826
0.032087
0.023737
0.019891
0.015135
0.022096
0.019079
0.023576
0.021933
0.019069
0.016342
0.0091246
0.013619
0.016857
0.010294
0.001998
0.020941
0.02881
0.033176
0.027088
0.022116
0.018045
-0.001031
-0.010074
-0.0090715
-0.015731
-0.013764
-0.017847
-0.010401
-0.0035529
-0.0026021
0.0040719
0.0053552
0.0051687
-0.0059765
-0.014376
-0.0067105
0.00022531
-0.00036193
-0.018456
-0.015185
-0.0041275
-0.0097432
-0.0010852
-0.011942
-0.0099997
-0.00076211
-0.017865
-0.020237
-0.016318
-0.024519
-0.015612
-0.0046496
0.0010668
0.011281
0.0092628
0.010117
0.022118
0.011972
0.010507
0.0046269
-0.009243
-0.0061955
-0.013509
-0.0055182
-0.012342
-0.021752
-0.0080239
-0.015562
-0.016839
-0.010161
0.004073
0.0033257
-0.0016544
0.007628
-0.0059613
-0.0012846
0.0068745
0.011979
0.011475
0.005999
0.0024983
0.0069017
-0.00047087
-0.0061545
-0.0031242
0.0029846
0.0033913
-0.00031186
0.001104
0.0065117
0.0058515
0.007751
0.011808
0.011704
0.0055423
-0.0015417
-3.8824e-05
0.0025804
0.0084004
0.0048661
0.0085529
0.0013958
0.0086684
-0.0012624
0.00040164
-0.0027605
-0.0029714
-0.0066045
0.0056265
0.0078597
0.0039517
0.010331
0.015976
0.013409
0.019741
0.012022
-1.0629e-05
0.0030763
-0.011022
-0.0087487
0.00075878
-0.0014578
-0.012684
-0.021962
-0.026312
-0.034898
-0.032879
-0.0028096
0.0022975
0.01289
0.012496
0.0079816
0.003369
0.019665
0.0081895
0.024125
0.017614
0.0060556
0.017205
0.016574
0.013629
-0.0084847
-0.011129
-0.017922
-0.020468
-0.018875
-0.023047
-0.0055088
-0.0084258
-0.0089909
0.00142
-0.015179
-0.018072
-0.024962
-0.021278
-0.0016506
0.022967
0.023398
0.027327
0.021016
0.025011
0.028862
0.015685
-0.0062396
0.0058502
-0.0093247
-0.0081186
-0.0118
-0.017441
-0.005484
-0.0061843
-0.020016
-0.0097425
-0.016219
-0.024932
-0.019282
-0.032556
-0.023408
-0.027604
-0.038455
-0.027976
-0.0054434
0.012397
0.015463
0.025664
0.03346
0.026512
0.022658
0.023024
0.022217
0.0067307
0.0065249
0.016508
0.011595
0.017181
0.013509
0.013813
0.01426
0.0087111
0.015087
-0.00048856
-0.0075834
-0.0078527
-0.011363
-0.00071212
-0.0044492
0.0036708
0.0077774
0.0072726
-0.013648
-0.019355
-0.017045
-0.020641
-0.014274
-0.023611
-0.0086197
-0.003677
-0.0021676
0.001669
0.011866
0.014216
0.013903
0.0092627
0.0023468
0.0046563
0.010435
0.011321
0.0036388
0.017343
0.015014
0.01435
0.0035111
0.0076892
0.0078584
-0.00019144
-0.0067402
-0.014396
-0.005871
-0.00036524
0.0104
0.0061907
0.0032799
-0.00097631
0.0034756
0.0061483
-0.0024403
-0.00020311
0.0069173
0.0044845
-0.0026272
-0.01407
-0.00589
-0.0094746
-0.0058575
0.0012
-0.010661
-0.00069288
0.0043531
0.005183
-0.0063171
-0.015919
0.0065378
0.01331
0.014431
0.016202
0.00052254
-0.013178
-0.024069
-0.030263
-0.013855
-0.013895
-0.027378
-0.025352
-0.042022
-0.028996
-0.031502
-0.044745
-0.057104
-0.037918
-0.0069745
-0.013788
0.0037305
0.011783
0.019996
0.011956
0.01375
0.0095824
0.02483
0.025175
0.019368
0.01843
0.018135
0.021085
0.016088
0.018045
0.0054737
0.011628
0.0084257
0.013637
0.013305
0.0061377
0.0074236
0.012986
0.018684
0.020758
0.023282
0.026994
0.022509
0.023553
0.022479
0.013968
0.0058015
0.011109
0.010665
0.0081326
-0.0064988
-0.008643
0.0042556
0.020737
0.020539
0.016143
0.0064064
0.0044228
0.0042855
0.0088132
-0.005328
-0.0080459
-0.016469
-0.0072903
0.0019049
-0.0010742
-0.001681
-0.017099
-0.024139
-0.020152
-0.022527
-0.029016
-0.026038
-0.033804
-0.03829
-0.025866
-0.01759
-0.026933
-0.019862
-0.029387
-0.021669
-0.020756
-0.034347
-0.032696
-0.011172
0.0097709
0.017977
0.013188
-0.0052267
0.0080634
-0.010728
-0.019405
-0.023137
-0.028681
-0.032669
-0.020864
0.0078719
0.028077
0.026936
0.028173
0.027447
0.027886
0.027036
0.027314
0.023936
0.026875
0.017412
0.004312
0.019015
0.0095401
0.0011508
-0.0080716
0.0010005
0.0076977
0.00032648
0.0028723
-0.01017
-0.014634
0.0031937
0.006454
0.0082711
0.0083894
5.1935e-05
0.0043106
0.023069
0.028145
0.025835
0.032374
0.030604
0.016036
0.016513
0.0049908
-0.0079359
0.0021291
0.024516
0.022612
0.016084
0.010806
0.0030994
0.0027693
0.0035462
-0.0078167
-0.014634
-0.016104
-0.020624
-0.026195
-0.022368
-0.023801
-0.027957
-0.028943
-0.027324
-0.031633
-0.031299
-0.024249
-0.0076434
-0.0016823
-0.015098
-0.019073
-0.0089438
-0.0064519
-0.016541
-0.018538
-0.02197
-0.005574
-0.00059204
0.0063993
-0.00094786
-0.0028797
0.0061112
0.0071754
0.014099
0.020016
0.025941
0.032433
0.033338
0.029742
0.0049053
-0.001044
-0.0040129
0.014962
0.015298
0.018123
0.0049829
0.010608
0.013994
0.010589
0.0091694
-0.0050093
-0.015554
-0.021172
-0.012962
-0.01499
-0.01096
-0.0072144
-0.017955
-0.016927
-0.0037693
0.0089159
-0.00050998
-0.00092106
-0.0026507
0.00089066
0.0026395
-0.0011338
-0.01756
-0.0047072
-0.017965
-0.008396
0.0033153
-0.0034187
-0.0063075
-0.018446
-0.020206
-0.016008
-0.01756
-0.00289
0.00010925
0.0081706
0.01268
0.014226
0.013549
0.010054
0.010837
0.010651
0.013149
0.011774
0.011487
0.011743
0.020688
0.01105
0.01483
0.023276
0.012769
0.013929
0.005281
0.0087952
0.011807
-0.0042898
0.00051756
0.010841
0.009559
0.012396
0.011427
0.012948
0.0081162
0.0055
0.011772
0.014563
0.0095124
0.0022002
0.011571
0.0074208
0.0018239
0.010579
0.0054524
0.004215
-0.0036507
-0.019173
-0.033612
-0.044275
-0.044063
-0.044425
-0.053771
-0.055507
-0.054323
-0.049474
-0.022444
-0.00057943
-0.0041743
-0.00033544
0.0052918
0.012367
0.014818
0.016293
0.0093003
-0.0049768
-0.01841
-0.0042653
-0.011761
-0.0080111
-0.00059047
0.0095052
0.0091569
0.009702
0.011146
0.0083088
0.0035467
0.010746
0.010634
0.0067556
0.0063071
0.014252
0.016062
0.01739
0.010419
0.010195
0.0030052
0.0080271
-0.00151
0.0075954
-0.00081966
-0.0052857
-0.0031329
-0.00058049
0.00012366
-0.0023737
-0.0022286
-0.00027586
-0.0007418
0.0062188
0.0032254
0.010944
0.009143
0.012052
0.010242
0.0052732
0.0035778
-0.00014606
-0.012177
-0.019104
0.0024789
0.0043494
0.0061724
0.0028624
0.0093441
0.015231
0.017768
0.011961
-0.0025321
0.0033143
0.002373
-0.0011485
0.0088187
0.00029416
-0.01101
0.0032492
-0.0012681
0.010569
0.0072732
0.011815
0.012758
0.0080685
0.00721
0.014523
0.026038
0.030731
0.030013
0.0186
0.0035902
-0.019814
-0.028687
-0.031944
-0.036412
-0.03822
-0.024244
-0.027217
-0.017352
-0.023451
-0.03632
-0.02268
-0.01491
-0.014878
-0.0042318
-0.010108
-0.03955
-0.042525
-0.037722
-0.025216
-0.045929
-0.056024
-0.035138
-0.011081
0.0090323
0.0081205
0.022381
0.013756
0.019654
0.02309
0.0239
0.018413
0.024418
0.019475
0.023014
0.019925
0.016997
0.016415
0.02109
0.019072
0.02138
0.022274
0.018299
0.024558
0.022371
0.021599
0.020136
0.018743
0.012389
0.029077
0.022432
0.017549
0.01247
0.020002
0.021089
0.019796
0.017105
0.014152
0.0043489
-0.0024722
-0.01182
-0.020153
-0.0069338
-0.018615
-0.012963
-0.028968
-0.024321
-0.028472
-0.0063752
-0.017328
-0.0095474
-0.0047722
-0.013416
-0.015139
-0.026108
-0.031737
-0.029791
-0.035679
-0.02855
-0.02851
-0.0054458
0.012217
0.012808
0.0098423
-0.0028699
0.0047771
0.0042657
0.011821
0.0032075
-0.00081554
0.013102
0.010899
0.0021548
0.010004
0.0038629
0.01167
0.0029134
0.0046042
0.0078788
0.010639
0.0078593
0.0022104
-0.0010351
-0.01354
-0.013841
-0.017811
-0.0069478
0.0011611
-0.008766
-0.007795
0.0028753
0.0080933
0.0076628
-0.011428
-0.015043
-0.0093012
-0.0066323
-0.00088334
0.002645
-0.0068838
-0.015083
-0.010958
0.00067984
0.0095604
0.012498
0.020924
0.011698
0.010145
0.0048877
0.00099278
0.0082209
0.015009
0.018494
0.013328
0.014665
0.001752
-0.0014265
-0.00046564
0.003251
0.011688
0.0060721
0.0016411
0.0024939
0.0056658
-0.0019501
-0.00028881
-0.00628
-0.0053285
0.00055461
-0.0004963
0.0033408
0.0069236
0.0091623
0.0033245
0.0046836
-0.0036042
0.0113
0.0027361
-1.172e-05
0.0033284
0.007168
0.00038869
-0.0072554
0.0025065
-0.0081958
-0.019585
-0.017795
-0.023305
-0.022906
-0.018883
-0.012208
-0.015208
-0.012224
-0.0030847
0.0039565
0.0013819
0.0078286
0.0033886
8.0104e-05
-0.0036869
0.00022579
0.0038586
-0.0037713
-0.017336
0.0041826
0.0060103
0.0032401
-9.2058e-06
0.0025438
-0.00056458
0.0036968
-0.0030549
0.0047745
0.0072938
0.004412
-0.0028345
-0.0044846
-0.0025223
-0.0018999
0.0013546
0.00359
0.004481
7.6737e-05
0.0044714
-0.0010279
-0.0037507
-9.4062e-05
0.010984
0.0032798
0.0057606
0.0078505
0.0078259
0.0086524
0.0051482
0.00053428
-0.0017041
0.0057672
-0.0040491
-0.0032524
0.00078309
0.0029697
0.0077988
0.0031415
0.0099391
0.0084339
0.0088846
0.004572
0.0020085
-0.0081753
-0.0036849
0.0099427
0.0083865
0.0044744
0.0053155
0.0039185
0.0023933
-0.0085016
-0.0289
-0.0050253
-0.0028624
-0.01034
-0.013124
-0.028878
-0.047547
-0.028981
-0.010798
0.0054103
0.0054317
0.0052527
0.0053031
0.012554
0.021033
0.014441
0.010225
0.015619
0.012107
0.02204
0.00064624
-0.0044606
-0.0024513
-0.017662
-0.021238
-0.016273
-0.00045338
0.0064655
0.0081266
0.012675
0.0092262
0.0031945
0.006935
0.015721
0.0089473
0.018621
0.01581
0.0085308
-0.0088109
-0.028572
-0.028688
-0.01462
-0.009667
-0.032249
-0.044397
-0.02596
-0.0044798
0.0041998
0.018477
0.013267
0.02111
0.018085
0.016653
0.0037149
0.0135
0.0070308
0.0025367
0.0033197
0.0088952
0.011798
0.012053
0.0059522
0.0086379
0.0035661
0.010544
0.0048333
0.013745
0.020391
0.010889
-0.0056136
-0.0061013
-0.017526
0.002138
-0.011133
-0.0026502
-0.0069603
-0.0068317
-0.01879
-0.027928
-0.037387
-0.037945
-0.044956
-0.014611
-0.0091435
-0.00036236
0.00069833
0.0041573
-0.0033908
-0.019186
-0.0028818
0.0057445
0.0043806
0.017265
0.023273
0.017921
0.011976
0.0030109
0.0067759
0.00038594
0.0016233
0.0093293
0.020942
0.019998
0.021328
0.012345
0.020993
0.018049
-0.00020708
0.016049
0.018177
0.028411
0.035343
0.028255
0.012259
0.0018034
0.0010418
-0.0099298
-0.022115
-0.027236
-0.021441
-0.03483
-0.037451
-0.01386
-0.03259
-0.022906
-0.02054
-0.0057329
0.019686
0.017828
-0.0031982
-0.015971
-0.0051806
-0.017829
-0.02905
-0.0090687
0.022373
0.020163
0.01907
0.012963
-0.0063231
-0.010015
-0.022089
-0.030919
-0.023406
-0.029119
-0.022303
-0.027425
-0.0067126
-0.013309
-0.029053
-0.023949
0.0058193
0.031217
0.048962
0.053263
0.055249
0.050486
0.048507
0.023347
0.020292
0.01509
0.017179
0.013724
0.016411
0.014939
-0.00015991
-0.0069197
-0.0057284
-0.0019887
-0.010153
-0.0035294
-0.0045362
-0.014826
0.0039138
0.00089179
-0.0054299
-0.0085717
-0.021134
-0.019941
-0.027107
-0.025888
-0.023815
-0.0023464
-0.0058454
0.013617
0.008194
0.0054964
0.0046957
0.027678
0.02339
0.014306
0.0068793
-0.0048694
-0.0044684
-0.0095284
-0.021151
-0.0084688
-0.01385
-0.018111
-0.022235
-0.027995
-0.017338
-0.012498
0.0009406
0.00018675
-0.012828
-0.019952
-0.016155
-0.022403
-0.017983
-0.017483
-0.019327
-0.00020326
0.033962
0.039639
0.039453
0.033568
0.015316
0.0073271
0.010297
0.016722
0.0051563
-0.0071154
-0.0010966
0.0083263
-0.00063144
-0.0045372
-0.0098386
-0.015253
-0.015179
0.0065476
0.0030146
-0.0054165
-0.0042709
-0.012767
-0.001151
0.0017908
0.0023673
0.027824
0.040369
0.027116
0.013252
0.0043781
0.0042512
0.0069208
0.0061239
-0.00088244
-0.0040003
0.0034851
-0.002917
-0.012279
-0.0012539
-0.0055932
-0.005613
-0.0088991
-0.0077683
0.00076209
0.024596
0.021203
0.014938
0.01185
0.011823
-0.0036211
0.00024884
-0.0034996
0.00097969
-0.0043982
-0.0027328
-0.0028862
-0.0091904
-0.0056749
0.02038
0.0088512
0.011408
-0.0011541
0.0034941
0.0010524
-0.0011155
-0.01049
-0.011296
-0.010114
-0.0043696
-0.007131
-0.0059948
0.0032959
-0.0082436
-0.0071096
-0.016171
-0.0063474
-0.018368
-0.013439
-0.015575
-0.016988
-0.023779
-0.021371
-0.025809
-0.025658
-0.021429
-0.02197
-0.023684
-0.026435
-0.032383
-0.03364
-0.039929
-0.034068
-0.041332
-0.035586
-0.020349
0.0045503
0.023195
0.035411
0.052376
0.055487
0.056551
0.051387
0.035021
0.038699
0.02959
0.037355
0.02842
0.027639
0.027944
0.029894
0.034432
0.027012
0.02464
0.02195
0.020358
0.018532
0.02247
0.013681
0.010226
0.010126
-0.010591
-0.014752
-0.01974
-0.024683
-0.030327
-0.035416
-0.028439
-0.038709
-0.033774
-0.0082786
0.01209
0.021755
0.0055183
-0.00030227
-0.0087066
0.0073969
0.0066974
0.015659
0.0071919
-0.0017628
0.0058248
0.0037455
0.0057438
0.010579
-0.0026123
-0.017358
-0.020284
-0.020856
-0.017194
-0.0077009
-0.019701
-0.018499
-0.015298
-0.0086167
-0.017838
-0.015257
-0.012817
-0.011406
-0.011833
-0.0161
-0.01729
-0.021022
-0.028329
-0.021044
-0.017602
-0.012788
0.0075244
0.01148
0.017185
0.029668
0.017536
0.014051
0.017176
0.011299
0.0065913
0.012299
0.00070618
0.01063
0.021801
0.024182
0.011581
0.00067376
-0.0080639
-0.009885
-0.0029295
-0.013799
-0.016484
-0.0073009
0.0007003
0.018572
0.01529
0.01652
0.0028468
0.0070192
0.0063213
0.0195
0.026573
0.014189
0.018406
0.010294
0.013019
0.015407
0.0096621
0.0077425
0.0043515
0.0013212
-1.1363e-05
-0.0086631
-0.017405
-0.0070101
-0.019298
-0.025794
-0.037715
-0.035069
-0.021819
-0.015683
-0.0018354
-0.0077635
0.0028819
0.003806
-0.0050782
-0.0050786
0.0063516
0.0051045
0.006946
0.0044276
-0.00067108
-0.0010198
0.0046675
0.0086785
0.0019694
-0.0006352
0.0002814
0.0065664
0.011846
0.0050981
0.00022546
0.0048442
0.01733
0.021812
0.021354
0.0079896
0.0060619
-0.0036036
0.0048706
-0.0048219
-0.010899
-0.0086973
0.00069956
-0.00075604
0.0042564
0.0043138
-0.0021438
-0.0078404
0.0042668
-0.003638
-0.017288
-0.029686
-0.015433
-0.0033717
-0.015895
-0.0057962
0.00048378
-0.0044865
0.00017115
0.00047387
-0.013233
-0.0039454
0.0013412
-0.0090907
-0.0066748
-0.0028522
-0.0063165
-0.013467
-0.02436
-0.015619
-0.018597
-0.01809
-0.0086696
0.0059959
0.0090432
-0.0006588
-0.0060885
0.0078489
0.011143
0.017629
0.024833
0.023595
0.019331
0.032595
0.01223
0.023213
0.020813
0.024897
0.01073
0.020453
0.021102
0.023332
0.024235
0.016135
0.0016137
0.0078945
0.014424
0.016253
0.0031263
-0.0026927
-0.0053832
-0.011061
-0.015102
-0.009843
-0.0073167
-0.023137
-0.026787
-0.023686
-0.02339
-0.031467
-0.035811
-0.01955
-0.016136
-0.013193
-0.017716
-0.022427
-0.02591
-0.018074
-0.011844
0.0069192
0.0011867
0.015677
0.011287
0.013044
0.012767
0.019948
0.014053
0.0064623
0.0023363
0.0033707
0.00096959
-0.0049358
0.0072771
0.0030832
0.012398
0.015353
0.010445
-0.0020383
0.00054891
0.0025922
0.0074592
-0.0057374
-0.0081006
-0.0096905
-0.0026112
0.0058044
0.00052001
0.0021745
0.003407
-0.0028208
-0.0016954
0.00088837
-0.0079076
0.0044357
0.0053281
0.0034331
0.013359
0.018242
0.021223
0.0079318
-0.00381
-0.019005
-0.029804
-0.016365
-0.011684
-0.0058858
-0.003932
-0.013759
-0.00029227
0.0030316
0.016337
0.016594
0.010218
0.004781
0.0091536
0.010682
0.005779
-0.0025925
-0.0067654
0.0028985
0.00093319
-0.010539
-0.013405
-0.022191
-0.023654
-0.006061
-0.017216
-0.011408
0.0052999
0.0088222
0.0066527
0.012186
0.016911
0.019289
0.02175
0.019644
0.021462
0.017549
0.015089
0.0082872
0.012493
0.0055182
0.0015534
-0.012109
-0.01174
-0.012627
0.0042812
0.0089573
-0.0028049
-0.012785
-0.0089948
-0.0097984
-0.019525
-0.0086107
-0.012108
-0.012193
-0.023771
-0.010971
-0.00067525
-0.0089968
-0.0071573
0.0061527
0.013985
0.011721
0.01491
0.0043015
4.0209e-05
-0.0038292
-0.0024128
-0.002458
-0.013826
-0.011168
-0.010485
-0.021276
-0.025169
-0.021549
-0.005599
0.0025056
-0.00031638
0.0021161
0.0072024
0.0047481
0.0019778
0.001237
0.0043699
0.014149
0.011065
0.0092368
0.012016
0.0056361
0.0062246
-0.0062675
-0.017897
-0.00012661
0.0019442
0.018965
0.0087741
0.0044216
0.0086367
0.014811
0.0043527
-0.0024731
-0.0036796
0.014206
0.0072023
0.0097464
0.012211
0.014103
0.014003
0.0082893
0.0011488
-0.013083
-0.00327
-0.013147
-0.00088754
0.0035939
0.0080167
0.009047
0.014971
0.013569
0.0022467
-0.0095995
-0.009847
-0.0077058
-0.017293
-0.0091045
-0.01027
-0.010924
-0.0043329
-0.0094517
0.0039904
0.0031847
-0.0011343
0.012388
0.020065
0.015611
-0.00068388
-0.0038262
0.012519
0.0033126
0.0022238
0.0049762
-0.0032049
-0.0037566
-0.01098
-0.011771
-0.0073853
-0.014544
-0.017647
-0.014983
-0.021371
-0.018472
-0.024694
-0.026969
-0.021154
-0.030946
-0.029163
-0.015182
-0.011254
-0.0074812
0.0028339
0.015699
0.016069
0.0066251
0.013979
0.021256
0.011432
0.0070508
0.0032328
0.012367
0.019544
0.014869
0.024287
0.017938
0.0089867
0.012225
0.0075981
0.011146
0.0062264
0.0047063
0.012368
0.0056061
0.005558
0.0071082
3.3821e-05
0.0007213
-0.0026811
-0.0046257
0.0026889
0.0066548
0.0034018
-0.001216
0.0036364
-0.0014786
-0.00569
-0.0044525
-0.00107
-0.0028208
-0.0072462
-0.0071364
-0.0069604
-0.012114
0.0034946
-0.0030019
-0.0067603
-0.0058837
-0.0099278
-0.0017129
-0.0034536
-0.010608
-0.0085486
-0.0032602
-0.0001751
0.0021207
0.0013189
-0.00026793
0.0026383
-0.0044095
-0.00063705
0.0011624
-0.0054134
0.0043805
0.013242
-0.0022317
-0.00022916
-0.0017416
0.013954
0.0042504
0.013677
0.010556
0.0071188
0.0041998
0.011015
0.01385
-0.0031843
0.00029287
-0.011376
0.0027734
-0.0095718
-0.0047891
0.0012937
0.0061994
0.0052304
0.011134
0.0047344
0.0091795
0.0046693
-0.0040823
-0.012589
-0.0069156
-0.012601
-0.017842
-0.016756
-0.015148
-0.02558
-0.028419
-0.024647
-0.017259
-0.01256
-0.0028229
-0.00065409
0.004156
0.010162
0.016687
0.01275
0.014812
0.012493
0.010322
0.00028961
0.0024181
-0.012207
-0.01111
-0.015722
-0.0071266
0.0049651
0.010272
0.0073145
0.0060543
0.011241
0.0032704
0.010777
0.0053291
0.0060434
0.0025482
0.0055048
-0.0032424
-0.0075807
0.0011149
0.00015847
0.0077317
0.0038663
0.0048649
0.0096042
0.013449
0.010282
0.012384
0.0070163
-0.0054955
-0.023766
-0.0051078
0.0029954
0.00059853
0.0040395
0.0086047
0.0010621
0.0061056
0.0017021
-0.0024332
-0.0065739
-0.012402
-0.0078386
-0.011515
-0.00034158
0.010574
0.0033898
0.0068671
0.012607
0.022364
0.018197
0.022895
0.010191
0.0035951
-0.0028876
-0.00060783
0.0039968
-0.01431
-0.0020116
-0.0038347
-0.015455
-0.0073238
-0.0065813
-0.018466
-0.010255
-0.0036908
-0.012931
-0.013519
-0.013884
-0.011679
-0.0022645
0.0022797
-0.0088205
-0.0092766
-0.0084051
-0.021119
-0.0070884
0.010686
-0.0016122
0.001451
0.0090449
0.0017779
-0.0084214
-0.0073918
0.0034728
-0.0016926
-0.015698
-0.003709
-0.010835
-0.0089945
0.0022238
0.0082785
-0.0064024
-0.0021956
0.0077741
0.0082808
0.010211
0.0038272
0.0076832
0.021265
0.010252
0.012568
0.0091623
-0.0030127
-0.001802
-0.0088384
-0.0066477
-0.00069738
0.0018482
0.0053915
0.0037442
0.0006293
-0.0078218
0.01365
0.032303
0.030481
0.010921
0.017599
0.0028583
0.0039531
-0.0057597
0.0084527
0.0040134
0.0022631
0.011726
-0.0075306
-0.0054649
-0.0023291
-0.0078219
0.0058648
0.00033019
0.010184
0.0055395
0.016009
-0.00244
-0.0081244
-0.010931
-0.008605
0.0055861
-0.012052
-0.0045957
-0.0055084
-0.0050064
-0.0050436
-0.021643
-0.018128
-0.016104
-0.001765
-0.017214
1.1039e-05
0.010602
0.015646
-0.0043059
-0.0095127
-0.015308
-0.011791
-0.017635
-0.022726
-0.033349
-0.026116
-0.0021571
-0.00042941
0.0032397
-0.013368
-0.018377
0.0030254
-0.014148
-0.022987
-0.013429
0.00017551
0.024839
0.026608
0.035525
0.027231
0.031073
0.027322
0.028139
0.031398
0.033623
0.031873
0.033005
0.0064037
-0.0024768
7.0819e-06
0.0040591
-0.0042837
-0.010782
-0.018005
-0.0030456
0.010538
0.0030565
-0.0066783
-0.0047592
-0.010468
-0.016036
-0.0056477
-0.019049
-0.02996
-0.024175
-0.0094577
0.004847
0.0098916
0.0018811
0.0079625
0.0062694
0.0046172
0.00965
0.012441
-0.003051
-0.023217
-0.033116
-0.030828
-0.020725
-0.011584
-0.002121
0.0030048
0.0065567
0.00038037
0.0057927
0.000598
-0.0022661
0.0032057
0.0027779
0.0096653
0.01191
0.0088656
0.0053297
-0.0050981
-0.0028354
0.0061957
0.013485
0.0072956
0.016052
0.01599
0.0096547
0.014078
0.0067524
0.0051579
0.011106
0.005703
2.1072e-05
0.0044988
-0.00051448
0.00042703
0.0030701
-0.0036121
-0.0058021
-0.020033
-0.014418
-0.012937
-0.015671
-0.0020932
-0.0044191
-0.0069305
-0.0091089
-0.0038395
-0.0010135
-0.00068739
-0.0012704
-0.0074306
0.0018516
0.0037111
0.0069559
0.0068146
-0.0017583
0.0011699
0.004437
0.0047441
0.0021742
0.0023499
-0.0019906
9.5907e-05
-0.0041088
-0.0044531
0.0047409
0.010007
-0.0074768
-0.0024197
-0.0059022
-0.001927
0.0018151
0.0040033
0.006796
0.0084467
-0.0097066
-0.0066611
-0.0098292
-0.0034808
-0.003141
-0.0014819
0.0017346
-0.0066288
-0.0071124
-0.0068788
-0.0027073
0.0027718
0.0099871
0.00052176
0.0012646
0.010845
0.012418
0.00036097
0.0037389
-0.003743
0.0020161
-0.0039644
-0.0022773
3.831e-05
-0.0018117
-0.0017629
0.0052116
0.0063701
0.0043752
-0.0017941
0.0027581
0.0013274
0.0016475
-0.001727
-0.0028752
-0.0051179
0.0083144
0.0090235
0.00092531
0.0055813
0.0058535
0.00033756
0.0029947
0.00294
0.0099799
-0.0038483
-0.0078896
-0.0044841
-0.00026529
-0.0086573
-0.0073679
-0.0015881
-0.016405
-0.0080684
-0.0074336
0.004657
-0.00084122
-0.0026712
-0.0031014
0.0015084
0.001684
0.00039235
0.0050647
0.0095011
0.0043754
0.0062716
0.0062636
0.0058563
-0.0027416
-0.0020735
-0.0023575
-0.0044205
0.0033959
0.00040862
0.00099482
0.0044449
-0.0045796
0.0050436
0.003681
-0.004972
0.0014527
-0.004752
-0.0043736
0.0032455
0.0012905
-0.0065268
-6.9875e-05
-0.0096478
0.0009962
0.0091828
0.016647
0.013623
0.0051395
0.0013414
0.0054317
0.011456
0.0056357
0.0046336
0.0048701
0.0062538
0.0042832
0.00038313
-0.0051741
0.0014552
-0.0081866
-0.0021954
0.0015131
-0.010866
-0.013038
-0.024445
-0.034198
-0.019458
-0.022214
-0.024802
-0.015294
-0.018148
-0.017916
-0.012037
-0.0039993
0.0056999
-0.0021275
0.0049261
0.001764
-0.0018526
-0.001238
0.012003
-0.0034387
-0.0043969
-0.001376
0.0022301
0.015329
0.005318
0.013075
0.0088054
0.016553
0.011744
0.01155
0.01269
0.0028115
0.00071896
0.011526
0.0060512
0.017168
0.014573
0.01165
0.022063
0.020947
0.013001
0.019105
0.028687
0.017703
0.017666
0.017269
0.0042378
0.0068704
0.00729
-0.0056895
-0.0060687
0.0048487
0.0025664
-0.005312
-0.0072817
-0.013817
-0.020645
-0.01935
-0.028297
-0.027448
-0.028124
-0.034766
-0.03425
-0.026156
-0.027128
-0.020048
0.0071658
0.023469
0.026232
0.019172
0.02216
0.010594
0.0057575
-0.0032535
-0.0072223
-0.01043
-0.0088686
-0.009311
-0.0090816
-0.017721
-0.014965
-0.0079121
-0.0062901
-0.010987
-0.0047708
-0.0049485
-0.0011518
-0.008852
0.0013975
0.01127
0.022095
0.014779
0.016865
0.013228
0.0048468
-0.0038552
-0.0011048
-0.010432
-0.0093997
-0.00035212
-0.0057339
-6.5145e-05
0.00077661
-0.0032882
-0.01657
-0.013464
-0.015945
-0.0029613
0.019158
0.021301
0.012896
0.014484
0.0059013
0.0029264
0.016399
0.02188
0.016956
0.011225
0.0036996
0.013695
0.0067704
0.0077115
0.002252
-0.0061349
-0.014976
-0.0052331
-0.0076649
0.009502
0.016983
0.019858
0.0083208
0.013592
0.005101
-0.0083433
0.00084092
0.0014211
-0.002697
-0.020857
-0.025863
-0.027795
-0.016324
-0.010033
-0.025182
-0.0086058
-0.007016
-0.012866
-0.019981
-0.0019715
0.00041056
-0.010656
0.0043113
0.020111
0.017304
0.015205
-0.0034679
0.012092
0.01202
0.013233
0.0055759
-0.009491
0.0048917
0.018906
0.021992
0.027093
0.01978
0.021605
0.0069859
0.014111
-0.0037575
-0.012678
-0.027003
-0.035046
-0.024448
-0.0044662
-0.019515
0.0031867
-0.0021587
0.0027275
0.0010279
-0.014192
-0.0017523
-0.0053781
-0.011832
0.003391
-0.0031767
-0.001742
-0.013463
-0.013698
-0.011119
-0.0029238
-0.013549
-0.018823
-0.015701
0.0034098
-0.0087983
-0.011912
0.00078737
-0.0059798
0.007369
0.0088198
0.0066414
0.0072605
0.0077774
0.012874
0.0097825
0.010298
0.00038788
0.01286
0.010189
0.016037
0.011749
0.014315
0.013875
0.0067146
0.0051418
0.0076011
0.0065875
0.0055548
0.0061659
0.0033628
0.0022103
0.013399
0.0022985
-0.0037109
0.0028784
-0.0020405
0.005494
5.1397e-05
-0.011015
-0.0209
-0.0087983
-0.0060805
-0.0091135
-0.0032556
-0.0064778
0.0032587
0.011363
0.0046948
0.0022784
-5.343e-05
-0.0038298
-0.0038971
0.002345
0.0023893
0.001316
-0.003184
-0.013227
-0.012173
0.0018361
0.0046545
-0.0018152
-0.0068663
-0.011764
-0.032779
-0.017121
-0.0084549
0.0055879
0.0064703
0.0052142
0.006069
0.0091697
0.012976
0.0069911
0.0020676
0.0075424
0.00043666
0.0026793
2.1452e-05
0.015625
0.0027366
0.00461
0.018318
0.0087431
0.010027
0.008678
-0.0026366
-0.015069
-0.021674
-0.019655
-0.021249
-0.016145
-0.012885
-0.001629
-0.0052249
-0.0051809
-0.013949
-0.009864
0.0093225
0.0056658
-0.0081113
-0.01355
-0.027773
-0.0050863
-0.0011639
0.0083973
0.0048077
0.0075906
0.011709
0.01807
0.021849
0.017905
0.020119
0.025798
0.015071
0.014239
0.014212
0.016643
0.011584
0.017499
0.01859
0.018557
0.011475
-0.0021924
-0.011375
-0.024505
-0.029547
-0.018968
-0.0099892
-0.0065508
-0.015046
-0.027779
-0.025576
-0.0091045
0.0086262
0.01221
0.01675
0.015004
0.013205
0.014451
0.010251
0.017464
0.0052954
-0.01688
-0.025732
-0.033724
-0.046827
-0.016191
-0.026507
-0.018854
-0.017531
-0.0088617
-0.0042544
-0.011628
-0.0048816
0.0061311
0.00075156
0.0082572
0.010296
0.017832
0.014119
0.010779
0.0025008
0.00098807
0.0046541
0.01362
0.0078009
0.007084
0.0057653
-0.0010617
0.014054
0.013201
0.010174
0.015248
0.0024818
0.011567
0.0096041
0.0077072
0.0088647
0.010397
0.0042107
0.010237
0.0077798
0.0091373
0.0052667
0.0028409
0.0072652
-0.0015314
0.010967
-0.002872
0.005894
0.0017662
0.0066278
0.00092179
0.0027918
-0.0060443
-0.012775
-0.013556
-0.01989
-0.034654
-0.019495
-0.014762
-0.018071
-0.0098891
-0.0017612
-0.011226
-0.0091271
-0.010442
-0.013091
-0.015017
-0.026403
-0.026127
-0.022737
-0.0079151
0.0048718
0.014193
0.0077718
0.0013702
-0.011214
-0.0073503
-0.013715
-0.0094534
-0.00073049
-0.0051684
0.0071646
0.013604
0.018585
0.017501
0.013375
0.01131
0.0082004
0.013605
0.012916
0.01625
0.012272
0.0052632
0.003866
0.0031464
0.010023
0.014347
0.013387
0.01468
0.018636
0.012644
0.01321
0.004898
0.0092823
0.020068
0.019425
0.015121
0.021638
0.023034
0.015106
0.014169
0.016023
0.0030496
-0.00039422
-0.0063202
-0.0021802
-0.026803
-0.031357
-0.019881
-0.030085
-0.030268
-0.031531
-0.0063518
-0.006823
-0.015531
-0.018792
-0.033316
-0.032657
-0.039621
-0.041256
-0.021812
-0.00063752
-0.010094
-0.01899
-0.027404
-0.016009
-0.0010016
0.0030617
0.01704
0.025099
0.025463
0.01542
0.027732
0.017703
0.023796
0.011374
-0.0090897
0.00034931
0.010762
0.01847
0.018268
0.022399
0.01153
0.0060922
0.0059065
0.01047
0.0067394
0.0087285
0.0032782
0.0076052
0.011643
0.004479
0.0019936
-0.0098514
-0.0065935
-0.014372
-0.026387
-0.016907
-0.017965
-0.010292
-0.004287
-0.001415
-0.002776
0.0019952
0.004607
0.012297
0.0096823
0.01505
0.0065222
0.010314
0.0016664
-0.004462
-0.0092055
-0.007512
-0.011782
0.00065577
0.0043407
-0.0049267
0.0058158
0.00023958
0.0011716
0.0022195
-0.0025418
-0.0019119
0.0041478
0.00087571
0.00091744
0.0082024
-0.00035522
0.00098925
-0.0040159
-0.0014024
-0.0036194
0.0034433
-0.0040428
-0.0073393
0.0007872
0.0033431
0.0056576
0.0066891
0.0044909
-0.017403
-0.0034336
0.002871
0.0027625
0.00087292
-0.00041266
-0.0044991
-0.0063973
-0.0058945
-0.0002388
-0.00084102
0.00096519
0.0068331
0.00026937
-0.0041455
0.0024546
0.002918
0.0021804
-0.0088708
0.0018003
0.0011352
0.0038111
0.014098
0.0058124
-0.0046532
-0.017096
-0.0051386
-0.0039276
-0.0070311
-0.013188
-0.018924
-0.0034895
0.0046907
0.0072002
0.0087844
0.0060271
0.0021005
0.0055301
0.0093632
0.0054912
0.013169
0.012975
0.012265
0.008225
0.0050572
0.012471
0.0095221
0.016201
0.014968
0.011093
0.01005
0.0081288
0.007848
0.01049
0.019829
0.02912
0.016004
0.013509
0.024758
0.022842
0.014735
0.0032213
0.0054014
-0.0036653
-0.0098417
-0.023961
-0.014768
-0.010873
0.0017136
-0.01145
-0.023453
-0.01939
-0.029793
-0.0092285
-0.0076401
-0.014524
-0.029197
-0.0092026
-0.015874
0.0077887
0.004801
0.0058994
0.001972
-0.0046721
-0.015483
-0.016239
-0.024023
-0.022416
-0.0097362
-0.017808
-0.027259
-0.017511
-0.012075
-0.006874
-0.012994
0.01465
0.024735
0.0023114
-0.0086393
-0.024482
-0.013742
-0.016588
-0.024473
-0.032499
-0.019438
-0.014503
-0.019138
-0.00080989
0.0066299
-0.009327
0.023806
0.017733
0.022678
0.03181
0.023474
0.013149
0.016122
0.025222
0.030239
0.040833
0.044125
0.041305
0.041899
0.041207
0.035055
0.011881
0.0118
-0.00032582
-0.0045399
-0.006186
-0.020228
-0.022116
-0.0079217
0.0057359
-0.0016613
0.0062749
-0.00050381
0.0021385
-0.0064101
0.004385
0.0075698
-0.0033063
0.00041361
0.012181
-0.00062242
-0.00075201
-0.011364
-0.031891
-0.030479
-0.022732
-0.0258
-0.0044844
-0.020251
-0.025383
-0.020001
0.00096988
-0.0073937
-0.016878
-0.011064
-0.0053888
0.016471
0.021703
0.016117
0.0012267
0.0016057
0.0030224
0.010968
0.013119
0.0091897
0.0019477
0.010705
-0.0060732
-0.015405
0.006059
0.022654
0.01181
0.0041053
-0.0016586
-0.010967
-0.019305
-0.023028
-0.018331
0.0010762
0.008141
0.0044241
-0.0056735
-0.0095095
-0.013245
-0.018881
-0.010331
0.01161
0.0044699
-0.0090866
-0.0047047
-0.011509
-0.014677
-0.015821
-0.012891
0.0082808
0.018451
0.019801
0.028864
0.023832
0.009869
0.0066397
-0.0017273
-0.0088678
-0.0026208
0.015044
0.025392
0.013464
0.0083878
-0.00027878
-0.0086823
-0.013021
-0.018867
-0.02085
-0.0076631
0.010608
0.022704
0.0086309
-0.0079869
0.011173
0.02253
0.021271
0.0060289
-0.0060683
-0.013215
-0.016821
-0.011616
-0.002425
-0.0066001
0.018627
0.021416
0.0082491
-0.0045632
-0.011012
-0.022411
-0.030183
-0.028619
-0.021728
-0.0014688
0.017194
0.015262
0.022439
0.007194
-0.0087018
0.0022749
0.0076661
-0.001566
0.0065206
0.0057168
0.0075623
0.0082323
-0.0020228
0.00067077
8.4977e-07
-0.011354
-0.015464
-0.010764
-0.011559
-0.017769
0.004929
0.0039564
0.0061932
0.010216
-0.0072183
-0.0028553
0.0095515
0.013682
0.0015575
-0.00227
0.0071318
-0.0038644
0.0062901
0.0043247
-0.0021073
0.008297
0.0046826
0.0046131
-0.0040565
-0.0096417
-0.025482
-0.017336
-0.020571
-0.0084527
0.00094674
0.012478
0.012763
0.0037077
-0.0047343
0.0094667
-0.0016123
-0.0074423
0.0036457
0.002423
-0.0084526
0.0068875
0.0011461
-9.3349e-05
0.018173
0.020118
0.014761
0.016953
0.0032272
0.0038334
0.015833
0.0075632
0.0073077
0.0089834
0.011834
0.0013621
-0.0081124
-0.015481
-0.01345
-0.012927
-0.0093277
0.0055102
0.023891
0.0044132
-0.0026905
0.0044445
0.0054651
-0.0086942
-0.015536
-0.023371
-0.030695
-0.024112
-0.022104
-0.02601
0.00067245
0.0054218
0.0083636
-0.0059591
-0.00047635
0.0053529
0.0078151
0.0097386
0.0037235
-0.0016063
-0.017893
-0.014939
-0.0041803
-0.0035862
-0.015376
-0.022432
0.0046497
0.011467
-0.0075542
-0.012827
-0.0062039
-0.011688
0.00037776
0.0080411
0.016028
0.006059
0.012775
0.0069456
0.01435
0.0083937
0.017692
0.016891
0.011936
0.0039251
0.0084739
0.009624
0.008144
-0.0011565
-0.00068667
0.0046296
0.013839
0.017262
0.019328
0.018659
0.00783
0.002585
0.0076367
0.00068154
-0.0010116
-0.00025972
0.0078779
0.016933
0.0023644
0.004689
-0.0011697
0.00634
-0.0036823
-0.016042
-0.022318
-0.032059
-0.035025
-0.032725
-0.018434
-0.0026223
-0.0023822
0.0016904
-5.4625e-05
0.009669
0.0013418
-0.0089635
0.0036197
0.0043247
0.0044648
-0.0040147
0.0064413
0.0077951
-0.006435
-0.0039695
-0.0035676
0.0048109
0.010079
0.016944
0.017149
0.013785
0.0048839
0.0065239
-0.0019166
-0.020877
-0.040394
-0.038237
-0.047095
-0.044556
-0.036339
-0.014761
0.012022
0.0071533
0.0095898
0.0081599
0.0037917
0.012521
0.025859
0.01686
0.022684
0.023603
0.024938
0.028144
0.020156
0.013828
0.01559
0.0086978
-0.016122
-0.0059312
0.0066856
0.0018714
0.0098322
0.0019357
-0.0019336
0.00082976
-0.0047267
-0.012855
-0.010437
-0.010573
-0.016321
-0.027141
-0.0072694
0.0014624
0.0011742
0.0030902
0.0057643
-0.010171
-0.012413
0.00094352
0.0073956
0.006404
0.0019557
-0.013049
-0.0046005
0.00013877
0.012284
0.002557
0.0071057
0.0032019
0.0049128
-0.011283
-0.0082378
-0.0052741
-0.0091091
-0.0072739
0.0024358
0.0079534
0.015453
0.0051609
0.017569
0.0081509
0.012712
-0.0026409
-0.009116
-0.013247
-0.01441
-0.011049
-0.012325
-0.0012788
-0.0061203
-0.0076051
-0.0095677
0.0032471
0.010387
0.0031075
0.003477
0.01734
0.0073762
0.015194
0.012449
0.011284
0.013769
0.00052823
0.0080128
0.0021509
8.0143e-05
0.0080947
0.0037505
0.016052
0.0051738
0.010164
0.0016962
0.0016514
0.0019508
0.0071335
0.011554
0.0094495
0.015064
0.0063545
-0.0091338
-0.012247
-0.0072807
-0.0029384
0.012201
-1.6056e-05
-0.0073955
-0.027614
-0.026443
-0.036909
-0.048405
-0.047559
-0.018865
-0.022914
-0.02305
-0.0075784
-0.003918
0.001159
-0.0035566
0.012642
0.0019081
0.0051797
0.0029227
-0.0029073
-0.0039226
0.0051449
0.0051922
0.012693
0.006384
0.0038761
0.0097609
0.01306
0.0049467
0.0096973
0.000825
0.0077287
0.0076114
0.0040347
-0.00029734
0.00020602
-0.0017282
0.0042167
-0.00029745
0.0056059
-0.0025778
0.0071615
0.0049385
-0.0057463
0.0053262
0.0077367
0.0055012
0.010886
0.0090048
0.001895
0.0042041
0.0041606
0.0047937
0.0075522
0.016302
0.014551
0.010983
0.010664
0.016273
0.01122
0.0043804
0.011457
0.013527
-0.005834
-0.011648
-0.015314
-0.017082
-0.01402
-0.013215
-0.018116
-0.022098
-0.023226
-0.0337
-0.03383
-0.0086737
0.0028457
0.014399
0.020687
0.017637
0.018568
0.023277
0.030262
0.023071
0.021591
0.0049426
-0.009458
-0.0053493
-0.016238
-0.017178
-0.027767
-0.011372
-0.017528
-0.0083212
-0.020932
-0.013653
0.0053589
-0.0050094
-0.0075319
-0.021704
-0.0019737
0.01518
0.028389
0.014484
-0.0070989
-0.016815
-0.0096216
-0.0039428
-0.012861
-0.028467
-0.01232
0.013436
0.022696
0.02842
0.028878
0.032129
0.012789
0.0044183
-0.0076526
0.0020247
-0.011507
-0.027455
-0.017095
0.015099
-0.0063337
-0.011712
-0.021645
-0.0014005
0.017476
0.018252
0.031697
0.04122
0.021399
0.035903
0.020214
0.00053139
-0.011278
-0.022806
-0.021225
-0.023738
-0.039387
-0.033347
-0.039827
-0.044299
-0.043969
-0.052152
-0.041042
0.0033994
0.026054
0.027051
0.028581
0.031669
0.028557
0.027846
0.022548
0.018116
0.026119
0.018731
0.019199
0.018915
0.021725
0.0083414
0.0033669
0.0070588
0.0040482
0.0057379
0.0078322
9.5482e-05
-0.0035815
-0.0049622
-0.0091134
0.0080916
0.0047276
0.0029633
-0.0059313
-0.0027438
-0.0047508
-0.012828
-0.016848
-0.033659
-0.018444
-0.011319
-0.00048139
-0.0017007
-0.0041251
-0.00027313
-0.001031
0.0010068
0.0018636
-0.0033266
-0.003806
-0.0033059
-0.011232
-0.0071896
-0.0075164
-0.0023839
-0.014093
0.0044026
0.0020562
0.001398
0.0069053
0.0033945
-0.0077038
-0.0016506
0.00084606
-0.0064489
-0.0097524
0.00025921
0.00085995
0.0057888
0.0030058
-0.0038982
5.9589e-05
-0.0027161
-0.0023374
0.0015303
-0.002255
0.003169
0.001322
-0.0057419
-0.00034286
0.0063087
0.0046708
-0.0059144
0.0021525
0.0011951
0.0049183
-0.0089301
-0.016685
-0.014217
-0.0048727
-0.0013122
0.0096029
0.012506
0.022968
0.022524
0.018414
0.018611
0.023599
0.014043
0.018803
0.017668
-0.0028339
0.0064853
-0.0034165
-0.017305
-0.0093416
0.0053085
0.00050983
-0.011767
-0.008136
0.0047542
0.0014284
0.015998
0.01453
0.019766
0.019959
0.013844
0.0048511
0.0091018
0.013504
-0.0017248
-0.0098969
-0.0069808
-0.001683
0.0004237
-0.0008415
0.008937
0.0023309
-0.014846
0.0031179
-0.014526
-0.019804
-0.030153
-0.039701
-0.042867
-0.053262
-0.053711
-0.046703
-0.027484
-0.0098893
0.0040463
-0.010195
-0.00044038
0.011203
0.016865
0.01176
0.0095359
0.0071853
-0.010867
-0.004895
-0.0019441
0.004887
0.0080254
0.013849
0.01657
0.013267
0.011985
0.0029585
0.0025366
0.014773
-0.00031835
0.015036
0.012953
0.0039339
-0.00055522
0.0062049
0.0030956
0.014135
0.0090092
0.006994
0.0039743
-0.0004004
-0.00072011
0.0019856
-0.013637
-0.0035391
0.0028983
0.00739
0.006298
0.0058542
0.013351
0.00051349
-0.0041044
-0.014562
-0.0075605
0.0077302
0.012633
0.012613
0.0091493
0.012834
0.016294
0.025226
0.021439
0.023238
0.022087
0.021482
0.016473
0.018417
0.02862
0.024434
0.011799
-0.0039728
-0.020759
-0.016229
-0.028303
-0.036187
-0.021695
-0.017566
-0.011608
-0.029258
-0.02915
-0.041253
-0.030574
-0.029474
-0.033813
-0.032038
-0.040351
-0.014315
-0.0057676
-0.011497
-0.024924
-0.02981
-0.010007
-0.00085339
-0.011234
0.0088745
0.021142
0.025261
0.0075762
0.0046738
-0.0075323
-0.0023947
-0.002296
0.016891
0.021514
0.041492
0.043771
0.039972
0.041723
0.02334
0.040241
0.035025
0.031898
0.013471
0.025625
0.015614
0.0066257
-0.00031098
-0.0074407
-0.0091888
-0.01388
-0.011793
-0.0080869
0.0023754
0.011025
0.0092937
0.0032661
-0.0066472
-0.022954
-0.021218
-0.022336
-0.029387
-0.026942
-0.039612
-0.040673
-0.04025
-0.04277
-0.045279
-0.029189
-0.036767
-0.037349
-0.025363
0.011085
0.02175
0.032767
0.021239
0.025085
0.028563
0.013957
0.0093265
0.016441
0.021128
0.023572
0.014828
0.024277
0.017408
0.013433
0.004547
0.0072209
-0.0062966
-0.015357
-0.012458
-0.013962
-0.019137
-0.0066951
0.00046709
0.0041872
0.018116
0.016478
0.016256
0.018723
0.017769
0.025571
0.02923
0.02811
0.024736
0.018616
0.017907
0.015941
0.0011501
0.010955
0.018994
0.016522
0.0087915
0.00034249
-0.015635
-0.019586
-0.02601
-0.02932
-0.025107
-0.02657
-0.024897
-0.018288
-0.014677
-0.0071393
-0.0087157
-0.015471
-0.021482
-0.018507
-0.015725
-0.0023746
-0.001953
-0.0051587
-0.010582
-0.0051717
-0.0046831
-0.0068144
-0.013009
-0.018775
-0.019785
-0.0051788
-0.0090354
0.006793
0.0033391
-0.0046843
-0.012675
-0.015206
-0.0015365
-0.0049585
-0.00047423
-0.006991
0.00092181
0.0023319
-0.00056327
0.013
0.0092961
0.012356
0.015576
0.012764
0.0068211
0.015603
0.0074859
0.00039184
0.012739
0.011979
0.00058724
0.017396
0.028244
0.032552
0.023567
0.015693
0.011552
-0.00082649
-0.0033234
0.0084252
0.0046921
0.001814
0.014666
0.0020905
-0.0010135
0.016123
0.010654
0.0070122
0.0094766
0.017345
0.02429
0.0088648
0.019135
0.02533
0.0043428
-0.0024443
-0.0087803
-0.008586
-0.018461
-0.018394
-0.014913
-0.0038274
-0.022468
-0.029977
-0.035996
-0.039382
-0.050045
-0.05856
-0.054471
-0.05188
-0.033639
0.0048435
0.0029984
-0.0067912
0.0063223
0.012911
0.012902
0.00747
-0.0021991
0.014557
0.005305
0.0042051
0.021963
0.022028
0.016698
0.0098476
0.0035642
0.0066968
0.009322
0.0029794
-0.0055685
-0.0023916
0.02028
0.010037
0.016857
0.0029395
0.0055395
0.0014417
0.0034648
-0.008084
-0.0080019
-0.013528
-0.0085351
-0.022188
-0.015358
-0.0025765
-0.0033369
-0.014482
0.0056677
0.011656
0.011294
0.02528
0.034636
0.034536
0.036598
0.020932
0.018314
0.022318
0.023499
0.0097741
-0.0017365
-0.016018
-0.014191
0.0053561
0.0081847
-0.0034092
-0.017505
-0.016851
-0.022774
-0.0094513
-0.0037888
0.012911
0.0094952
0.00031534
-0.020098
-0.01133
0.011642
0.012158
0.0031181
0.002269
-0.0033225
-0.0069839
-0.015369
-0.031617
-0.025857
-0.020109
0.00091922
-0.0018355
-0.0016168
0.00466
-0.008304
0.0053369
0.00081003
-0.013441
-0.0212
0.0022811
-0.0043138
0.0065197
-0.0078134
-0.008726
-0.01321
-0.022923
-0.027956
-0.015942
0.012391
0.0019482
0.0036484
-0.00040389
-0.012124
-0.015362
0.0026654
0.0081661
-0.0070093
-0.0074767
-0.0081159
-0.0066324
-0.00067207
0.011038
0.04077
0.051808
0.038669
0.026936
0.013886
0.0072753
-0.0012898
0.0012053
0.015594
0.017689
0.0024782
-0.0021334
-0.0028142
-0.0086398
-0.008496
-0.012214
0.012202
0.0030133
-0.0034901
-0.006453
-0.010367
-0.0087389
-0.016671
0.0032426
-0.0031225
0.0020973
-0.0081974
0.025102
0.042416
0.060739
0.047368
0.031818
0.018394
0.00872
0.010399
0.0064328
-0.0034096
-0.001321
-0.0075316
-0.0068122
-0.013634
-0.011461
-0.018775
-0.0094953
-0.0066521
0.0031689
-0.0060449
-0.013188
-0.0097917
-0.018145
-0.02007
-0.024283
-0.027438
-0.023739
-0.014783
-0.021244
-0.023542
-0.019789
-0.030213
-0.027916
-0.027765
-0.02788
-0.028052
-0.025267
-0.036905
-0.037929
-0.033722
-0.007828
-0.010288
-0.020539
0.00036196
-0.0068904
-0.019977
-0.01406
0.016161
0.041741
0.049146
0.062569
0.066255
0.06689
0.055306
0.047727
0.037568
0.041252
0.03397
0.015829
0.010744
0.0029882
0.003616
0.0018891
0.0095234
0.015502
0.019628
0.020706
0.010885
-0.002355
-0.0033752
-0.0071513
-0.018336
-0.015556
-0.0080886
-0.021057
0.0041929
0.0053066
0.0011482
-0.013326
-0.0099272
-0.016544
-0.019218
-0.0090915
-0.00096781
-0.0076766
-0.0055682
-0.014635
-0.0124
-0.00076808
-0.0058187
0.0080937
-0.0010167
0.00063611
-0.0071668
-0.0041979
-0.0053396
-0.0064322
-0.009808
-0.0078663
0.0042114
0.0025864
-0.0072726
-0.0083343
-0.002661
-0.0063441
-0.014959
-0.0040862
-0.00027705
-0.0073543
0.0035042
-0.001491
0.0024287
0.0083857
-0.012166
-0.011302
-0.0027229
-0.011248
-0.0057872
0.0024286
0.0038278
-0.0077346
-0.0031397
-0.0043528
-0.0035526
0.003752
-0.0086756
-0.010305
-0.0068558
0.0087615
-0.0024419
-0.0095078
-0.0017803
-0.0055482
0.0075009
0.022253
0.025938
0.025165
0.023256
0.02145
0.0095145
0.020754
0.013121
0.01172
0.0090766
0.0063619
-0.0098918
-0.011296
-0.0084784
-0.0054366
0.0070736
0.0076725
-0.0082651
-0.0018412
-0.0042186
-0.0035787
-0.0091994
-0.024244
-0.022135
-0.016299
-0.024215
-0.027202
0.00075935
0.018726
0.012524
0.012821
0.0053386
0.023055
0.014886
0.014335
0.010464
0.0046969
0.0016427
0.0041735
0.016756
0.013856
0.0078842
0.0022381
-0.0054375
-0.004216
-0.013338
-0.01167
0.010943
0.0052793
0.030625
0.021666
0.021575
0.012418
0.0062482
-0.0032034
-0.012703
-0.014663
-0.0079201
-0.026194
-0.026289
-0.01962
-0.01469
-0.019213
-0.023358
-0.02834
-0.019704
-0.017261
-0.025253
-0.0086968
0.0070842
0.0047472
0.017153
0.018484
0.020446
0.014466
0.010097
-0.0081828
-0.0035416
0.0037161
-0.0077221
-1.7874e-05
0.0043533
-0.0011589
0.0066464
0.0059807
-0.0070472
-0.0099534
0.0096754
0.0084896
0.0074349
0.0058671
0.0008391
-0.0021371
-0.015395
-0.010232
-0.0068736
-0.0017718
0.01149
0.0032666
0.0010436
-0.006558
6.7809e-05
-0.011037
-0.0020712
-0.010052
0.0013969
0.0015885
0.016693
0.0074259
-0.00054683
-0.0023478
0.0024023
-0.003781
0.00012679
0.0024252
-0.0019087
-0.0027183
0.0044469
-0.0039787
-0.019218
-0.007085
0.0029293
0.010159
0.01215
0.020766
0.015074
0.0076203
0.0048496
5.8876e-05
0.010346
0.016409
0.013583
0.014291
0.015899
0.0067174
0.007279
-0.0003122
0.0076254
0.0027827
-0.00046356
0.011674
0.0092103
0.012684
0.015306
0.011472
0.0011861
0.0021251
-0.00074425
-0.0086669
-0.01682
-0.02197
-0.024369
-0.01663
-0.02406
-0.018872
-0.027346
-0.027522
-0.032061
-0.027945
-0.032473
-0.026572
-0.008916
0.0036607
-0.0043203
0.0083045
0.016951
0.0071361
0.017671
0.020033
0.030753
0.026025
0.028259
0.031997
0.026262
0.023633
0.022715
-0.0035532
-0.0078053
-0.018165
-0.033109
-0.040417
-0.034648
-0.021823
-0.034107
-0.029054
-0.013465
-0.0040273
-0.01134
-0.0038858
0.014026
0.011119
0.0039149
0.014033
0.011826
0.0052119
0.015714
0.013464
0.018651
0.0067552
0.010755
0.006368
0.0007906
-0.0013646
0.001152
-0.0018777
-0.0077766
-0.0073804
-0.0017195
0.0049947
-0.0092442
-0.0014437
0.0056564
0.0087219
0.0070201
0.0087775
0.017425
0.018198
0.018542
0.018049
0.0035126
0.0097105
0.012113
0.012064
0.012465
0.010885
0.0053229
0.00089834
-0.00059493
-0.0032147
-0.014601
-0.024865
-0.022766
-0.013446
-0.0077392
-0.010793
-0.0081282
-0.013218
-0.014943
-0.0065284
-0.0018533
-0.0022804
-0.0087201
-0.02197
-0.012382
-0.0030546
0.0015702
0.0094653
0.011429
0.016665
0.0038458
0.0072123
-0.0034992
0.013461
-0.0044435
-0.0082474
-0.013872
-0.013739
0.0027653
0.0030902
0.0096422
0.00041162
0.0049501
0.0041847
0.0026418
0.00084694
0.011685
0.0053186
0.00080824
-0.0023125
-0.0046048
0.0019892
-0.0044139
-0.011265
-0.011266
-0.0047984
0.011193
0.010155
0.014233
0.00605
-0.0052994
-0.01059
-0.0082149
-0.015261
-0.0051933
-0.0016196
-0.0076587
-0.0068121
-0.01246
-0.012621
0.0033527
0.014592
0.016841
0.016739
0.0014288
0.0067225
0.008756
-0.00079905
-0.0040614
0.0066409
-0.001646
0.001808
0.0073321
0.0076588
-0.0023673
-0.013392
-0.0079427
-1.5788e-05
0.010026
0.019833
0.0025835
0.0091633
0.0037537
0.0056505
0.0028516
-0.00090176
0.011248
0.010288
0.0098964
0.0096707
0.014927
-0.0052003
-0.0067224
-0.0094241
0.0012563
-0.0081374
-0.017074
-0.0022233
-0.0072657
-0.010311
-0.0094039
-0.0065382
-0.0068622
0.00063154
-0.014915
-0.0037941
-0.0081604
-0.0094438
-0.014575
-0.0052576
-0.0048747
-0.0089589
-0.012181
-0.025719
0.0008206
0.011819
-0.013824
-0.016386
-0.025094
-0.0050779
-0.021326
-0.0086438
0.0094263
0.00045867
-0.0020386
0.012606
0.017605
0.018285
0.03461
0.035497
0.031757
0.035303
0.030245
0.035623
0.026987
0.024507
0.0017933
0.0017309
0.00071195
-0.008325
-0.0098652
-0.018153
-0.016084
0.0035248
0.0045385
-9.3751e-05
0.0071193
0.014606
0.010876
-0.0030708
-0.023455
-0.024349
-0.01535
-0.00578
-0.023375
-0.017035
0.010026
0.0034471
-0.0015461
-0.013965
-0.015752
-0.016555
-0.017755
-0.015859
-0.019735
-0.018931
0.0042351
0.009939
-0.00035709
-0.010466
-0.01052
-0.022965
0.0048029
-0.0029975
-0.010908
0.0018928
0.025731
0.041308
0.026881
0.030692
0.027786
0.018643
0.019502
7.489e-05
0.00047767
-0.010806
0.00082912
0.0096712
-0.0094685
-0.023561
-0.0067058
0.001615
0.0011061
-0.010758
-0.013085
-0.018127
-0.030619
-0.022327
-0.0057297
0.0034958
0.0060901
0.033392
0.035569
0.030173
0.036871
0.025979
0.017455
0.0053171
-0.010014
-0.011313
-0.022728
-0.015199
-0.01901
-0.024605
-0.027669
-0.041734
-0.042795
-0.039899
-0.024203
0.0022915
-0.015425
-0.01778
0.027429
0.030446
0.019396
0.027831
0.031668
0.030046
0.024554
0.029392
0.028326
0.016943
0.0082656
-0.0015534
0.0017573
0.0012497
0.0047084
0.0049902
-0.0027913
-0.029083
-0.017602
0.0041953
0.010752
-0.0048761
-0.018372
-0.026567
-0.035721
-0.026433
0.00027525
0.0092249
0.015364
0.020531
-0.0049577
-0.0052383
-0.0051439
-0.014387
-0.0028127
0.01226
0.014381
0.017377
0.024175
0.018394
0.020723
0.029252
0.022263
-0.00088009
-0.020472
-0.032321
-0.0099366
-0.0088971
-0.0021806
-0.0090991
-0.0010441
7.0607e-05
0.0049485
0.00025915
-0.011885
-0.019547
-0.0035916
-0.0048335
-0.023589
-0.020433
-0.029089
-0.018588
-0.024281
-0.0061107
-0.0044082
-0.0038331
-0.0016071
-0.010132
-0.0085387
-0.014108
-0.0099446
0.0055555
0.016582
0.013253
0.018042
0.021868
0.023266
0.021642
0.014851
0.016787
0.014618
0.00058268
0.00020647
0.0035462
-0.010496
-0.0076385
0.0029679
0.012791
0.0071536
0.0085312
0.020041
0.023722
0.026775
0.019419
0.017714
0.015762
0.0092704
0.0069298
0.015633
0.016972
0.0089224
0.0076791
-0.010407
-0.0012002
-0.0076544
-0.011123
-0.020789
-0.0090112
0.0014262
-0.0073207
-0.018717
-0.023485
-0.022726
-0.022417
-0.017765
-0.026747
-0.01979
-0.0072975
-0.012453
-0.01762
-0.01232
-0.0025483
-0.012983
-0.0073846
-0.019584
-0.026249
-0.027875
-0.019033
-0.007031
0.00021205
0.0050205
0.0097575
0.01362
0.022679
0.024062
0.018137
0.013436
0.011857
0.013709
0.012314
0.0014069
0.0051324
0.0094397
-0.0037796
0.0084936
0.0070476
0.0023145
0.0048307
0.0063103
0.0061157
0.0053052
-0.00011124
0.0023998
-0.0050337
0.00037713
0.0022739
-0.0060286
-0.0023879
0.0109
0.0076141
-0.0030338
0.0019148
-0.0071657
0.010685
0.0071225
0.0031862
0.010108
0.011576
0.0096615
-0.0038874
0.0096554
0.0044679
0.0066244
0.0040577
-0.0027574
-0.0084598
-0.0087586
-0.0028958
-0.0073448
-0.0067448
-0.0037238
0.00059923
-0.000682
-0.0010011
-0.0023428
-0.00713
-0.00016723
0.0020186
-0.00668
-0.0049863
-0.00064275
-0.01355
0.00060138
-1.113e-05
-0.0051786
-0.013526
-0.0099169
-0.017715
-0.0095826
-0.0037423
-0.0007166
0.0011628
0.00094613
0.0086213
0.0076905
0.009098
0.0078425
0.0003051
0.0016558
0.0029677
0.0037198
0.0057415
0.0088904
0.0099902
0.010234
0.0018286
-0.0022594
0.0010132
-0.00011019
0.0049428
-0.0020125
-0.0009193
0.0026202
-0.0046368
-0.00018685
0.0048945
-0.0045606
-0.020588
-0.031429
-0.02195
-0.004962
0.0027445
-0.0055492
0.0087005
-0.0058876
-0.0006473
0.00495
0.0066278
-0.00060271
0.0044846
0.0055158
0.0028564
-0.0068391
0.0002162
-0.018308
-0.006206
-0.025837
-0.0025241
-0.0066208
0.0050937
5.3762e-06
0.0023291
0.011778
0.006844
0.012578
0.013626
0.0015278
0.0019389
0.012163
0.018379
0.0010791
-0.0033893
0.0027992
0.0041477
0.011061
0.010456
-8.8172e-05
0.017508
0.015617
0.017548
0.018439
0.018607
0.022866
0.028043
0.021957
0.012912
0.00057948
-0.0099245
-0.019427
-0.015905
0.00671
0.0015752
-0.011587
-0.017168
-0.025442
-0.03042
-0.033184
-0.045586
-0.042682
-0.020118
-0.035811
-0.0061357
0.013814
0.023026
0.027212
0.036268
0.030077
0.021418
-0.0020069
-0.0034614
-0.021213
-0.020461
-0.021632
-0.022704
-0.025927
-0.022961
-0.023105
-0.031212
-0.026552
-0.029442
-0.023608
0.012234
0.024661
0.040565
0.042104
0.03918
0.041253
0.044692
0.035849
0.042192
0.031277
0.033264
0.0096676
0.00067057
-0.0055642
-0.0089314
-0.022641
-0.023238
-0.025385
-0.0010452
-0.00332
-0.013867
-0.016605
-0.021819
-0.013555
-0.013076
-0.013428
-0.016498
-0.0004121
-0.0032249
-0.0031922
-0.013489
0.0024148
0.0083899
0.023267
0.010506
0.0029067
-0.010153
-0.0089692
-0.017663
-0.016712
0.0090353
-0.010541
-0.010105
-0.010723
-0.010601
0.007122
0.014285
0.0087813
0.026535
0.033705
0.014736
0.0018835
-0.0027656
-0.0030008
-0.0034811
-0.0098636
-0.0057323
-0.001596
-0.010302
-0.018035
-0.012574
0.010885
0.029487
0.018738
0.013211
0.015826
0.0040785
0.0020668
0.0010933
-0.00068058
0.0073873
0.0001908
0.0027401
-0.010396
-0.0064023
-0.0054392
-0.0028605
-0.0074233
0.022892
0.027232
0.023839
0.0039131
0.005039
0.0069506
0.0037557
-0.0033491
-0.0057475
-0.0099384
-0.0092978
0.0070568
-0.0015271
-0.0049971
-0.0069244
-0.012299
-0.0080461
-0.010921
-0.011166
-0.011837
-0.0096557
-0.0099325
0.013312
0.0056384
0.0090872
-0.00040033
0.0080684
-0.0077067
-0.012776
-0.0022446
0.01175
0.0041948
-0.0022749
-0.015365
-0.017014
0.0061884
0.0023673
-0.0064464
-0.015159
-0.017566
-0.022993
-0.025521
-0.02254
-0.0046305
-0.016946
-0.024435
-0.021669
-0.025954
-0.029336
-0.03068
-0.037554
-0.035519
-0.036074
-0.00019699
0.029487
0.0206
0.017057
0.036404
0.043502
0.048732
0.045966
0.053816
0.054027
0.044195
0.042191
0.039801
0.034088
0.029388
0.023569
0.018268
0.01086
0.0079897
-0.00081314
0.0031868
0.0059766
0.0095269
-0.00047032
0.0065757
-0.014046
-0.0045613
-0.0041657
-0.01778
-0.013862
-0.014107
-0.0064882
-0.014726
-0.013786
-0.018251
-0.020661
-0.021314
-0.015259
-0.017225
-0.017757
-0.02836
-0.016713
-0.011614
-0.0048122
-0.0063847
-0.0048322
-0.0095084
-0.012937
-0.0059898
-0.0058567
-0.0086151
-0.011094
0.0019166
0.00055525
-0.010226
-0.0052534
-0.0012647
0.0059178
0.013147
0.0089729
0.0036351
0.0053423
-0.0011729
-0.0055472
-0.0046293
-0.0015847
-0.00039575
0.0040591
0.007259
1.1328e-05
-0.0012077
-0.0053813
-0.004793
-0.017057
-0.00092351
-0.00209
0.0047765
0.0058694
0.017931
0.016826
0.0099249
0.011539
0.015413
0.010571
0.0078428
0.0075497
0.0063808
0.0095648
0.012667
-0.0023218
-0.0041544
-0.0027232
-0.012231
-0.013835
-0.0075597
-0.003585
-0.0011805
-0.0038695
-0.0028719
0.0014565
0.0065303
0.010081
-0.0011842
0.0013491
0.012267
0.016158
0.003877
0.0030922
-0.004274
0.00022524
-0.0041926
0.0060628
0.0055762
0.0071842
0.010644
0.022255
0.017124
0.016539
0.0065429
0.0046608
0.0046162
0.0019628
-0.01193
-0.011667
-0.01061
-0.012846
-0.010774
-0.010319
-0.0085534
-0.005316
-0.013895
-0.016476
-0.011971
-0.00019961
-0.0018261
-0.0052557
-0.0067443
-0.0081423
-0.011488
0.00068629
-0.019027
-0.019017
-0.022483
-0.0077194
-0.0058283
-0.0094669
-0.0095297
-0.017417
-0.012556
0.0062112
0.0059719
0.0059642
0.0081004
0.0089573
0.015406
0.01416
-0.0067436
0.002405
0.0039005
0.010454
0.014561
0.0048222
0.0063204
0.010793
0.014394
0.0087432
0.0074802
0.011634
0.014415
0.0060178
0.0053531
0.0069115
0.0054077
0.0064556
0.0052318
0.00010237
0.015906
-0.0011975
0.0051231
0.0028303
0.0056361
0.0021768
-0.0062498
-0.0068474
-0.012767
-0.01431
-0.0036629
-0.0059821
-0.0051612
-0.0019867
0.00086431
0.00051212
0.0017634
0.0048677
0.014682
0.01745
0.0078602
0.011362
0.011138
-0.010291
-0.017493
-0.022108
-0.028722
-0.02587
-0.021649
-0.0042336
0.0053753
-0.0072649
-0.01675
-0.035702
-0.031803
0.0016525
0.011556
0.017656
0.017798
0.0027289
0.0021844
0.0059063
0.0060281
-0.003641
0.0026794
0.0078577
0.006356
-0.0013985
0.0049326
0.0083665
-0.0091246
-0.0083263
0.0051207
-0.0027232
-0.013894
-0.014469
-0.012271
-0.01063
0.0058518
0.0023046
0.022894
0.013211
0.02317
0.023318
0.018816
0.018018
0.023692
0.016744
0.016738
0.013377
0.010853
-0.00077235
0.013565
0.0024598
-0.003068
0.0011565
-0.012421
-0.010761
-0.0036468
-0.023366
-0.010377
-0.009816
-0.012861
-0.014019
-0.015729
-0.016338
-0.0058315
-0.0072364
-0.0091433
-0.0046693
-0.018537
-0.022812
-0.014458
-0.0042674
-0.0028255
0.0061537
0.0044293
-0.0027063
0.0053548
0.018894
-0.0022062
0.012838
0.0032559
0.0095995
0.01423
0.014895
0.01047
0.0035513
0.007769
0.0014316
0.0030835
0.0093067
0.010859
0.0045877
-0.011582
-0.017721
-0.0055332
-0.0075579
-0.0041685
-0.016353
-0.020175
-0.015871
-0.0064661
-0.0028424
-0.0099115
0.012284
0.020538
0.01674
0.011729
0.014062
0.0043187
-0.0040312
-0.0072345
0.010958
0.02006
0.018203
0.016887
0.007139
0.0092415
-0.00030103
-0.011288
-0.012322
-0.016101
0.004635
0.004783
-0.004127
-0.011202
-0.0027086
-0.0050001
0.0042614
0.00061915
-0.0075103
-0.0077912
-0.01786
-0.016335
-0.029892
-0.0359
-0.023462
-0.004173
-0.00065086
0.0031478
0.0031109
0.0097179
-0.00083747
0.0077166
-0.0026093
-0.0026003
0.01139
0.0063487
0.0087777
0.014259
0.013645
0.0096625
0.015652
0.020849
0.015472
0.0014737
-0.0040405
-0.0083308
-0.01229
0.010534
0.0044749
0.012608
0.016014
0.0098485
0.00892
0.015286
0.010456
0.0041161
0.0068514
-0.0027776
-0.0050809
-0.0018131
0.0026224
0.008128
0.0048746
0.0033247
0.0046883
-0.0084318
-0.013472
-0.014953
-0.017198
-0.0050117
-0.0092326
-0.010091
-0.014064
-0.011096
-0.014283
-0.0065397
-0.00037775
0.00052659
0.0058156
1.348e-05
-0.0036429
-0.0046753
-0.0012903
-0.0010924
-0.0054974
-0.010005
-0.012921
-0.019266
-0.015617
-0.016255
-0.0017235
0.0012563
6.8526e-05
-0.0037816
0.0039267
0.004222
-0.000439
-0.0099306
0.010598
0.007749
0.012953
0.0046111
0.0077753
0.0056699
0.016472
0.0094523
0.0098902
0.011171
0.010781
0.0086999
0.006569
0.0063089
0.011916
0.0096882
0.0045298
0.0042621
0.0046589
0.0047643
0.0042812
-0.0061452
-0.017151
-0.017656
-0.010624
-0.0095353
-0.0015422
-0.010582
0.0060943
0.0046183
0.0093413
-0.0037773
-0.010349
-0.022245
-0.018218
-0.022288
-0.01982
-0.0089055
-0.00015746
0.0073302
0.0075067
0.01431
0.022817
0.010578
0.02341
0.019764
0.015865
0.010777
0.0050292
-0.0011748
0.00095203
0.0081535
0.014647
0.0063178
0.0084164
0.024075
0.0069868
0.0055452
0.0061359
-0.016051
-0.0059413
0.0027272
-0.0093198
-0.010986
-0.014951
-0.0052054
-0.0095877
-0.018947
-0.019864
-0.011052
-0.0085754
-0.0077712
-0.020601
-0.01876
-0.0014539
-0.00066484
0.010552
0.00018913
0.0014205
0.003834
-0.0086086
-0.00057833
0.0088775
0.0043837
-0.015495
-0.015655
-0.0096244
-0.015022
0.0016653
-0.0032416
-0.0066705
-0.0010778
0.0073418
-0.0056278
-0.0040794
0.0047641
0.0079972
0.0036567
0.011518
0.01723
0.0098209
-0.0039477
-0.0059272
-0.004554
0.002304
0.010684
0.028229
0.02687
0.025871
0.0082704
0.0038878
0.00034761
0.0009117
0.01054
0.012807
0.0022859
-0.00028213
-0.0032046
-0.022088
-0.00043773
-0.0017108
-0.001708
0.017219
0.0081224
-0.0010187
0.0015119
-0.0053794
-0.00069754
-0.0053604
-0.0079748
0.0028688
-0.0044303
-0.011601
-0.02523
-0.012101
-0.018756
-0.00063771
0.0077766
-0.008795
-0.0088847
-0.01781
-0.030936
-0.017416
-0.0067765
-0.0076694
-0.026714
-0.0035542
0.012995
0.016939
-0.0022663
0.00029699
-0.0079034
-0.01694
-0.0014258
0.017188
0.032336
0.029834
0.043634
0.048152
0.044666
0.034701
0.034565
0.024395
0.019465
0.01187
0.0056911
-0.014553
-0.012694
-0.022535
-0.021733
-0.014401
-0.0090948
0.0058022
0.00082686
-0.013847
-0.028087
-0.013016
0.0072171
0.011757
-0.00043952
-0.010991
-0.0067876
-0.024721
-0.038194
-0.0090146
-0.0017606
-0.020634
-0.029102
-0.028724
-0.037227
-0.049345
-0.023726
-0.023619
-0.038475
-0.033532
-0.00026976
0.0031873
0.018195
0.022803
0.029559
0.020347
0.0033135
0.013252
0.018302
0.021516
0.0342
0.03666
0.022039
0.025438
0.023976
0.039207
0.039023
0.023869
0.02094
-0.0023592
-0.0070861
0.0025177
0.016911
0.025601
0.0143
0.014101
0.007494
-0.011472
0.0020838
-0.0041624
-0.020315
-0.022414
-0.0060463
-0.015792
-0.017663
-0.015079
-0.024482
-0.013204
-0.013755
-0.018439
-0.023126
-0.029045
-0.033567
-0.0088222
0.0030612
-0.015195
-0.0044678
0.0055473
-0.0051079
-0.0024354
-0.0018355
-0.0011699
0.0072472
0.008039
0.030584
0.022762
0.0047177
0.0044123
-0.0033376
-0.0097627
-0.0093599
-0.0046849
-0.015338
-0.022281
-0.020303
-0.0038544
0.013397
0.0097181
0.019054
0.03923
0.051558
0.027535
0.028736
0.017056
0.012799
0.0061448
-0.00051967
0.0021861
0.0042183
-0.004685
0.0059574
0.0058234
0.0020405
-0.007101
-0.012551
-0.01161
-0.004355
-0.014339
-0.012277
0.0063815
0.010872
-0.0047034
0.0010128
-0.0056726
-0.015502
0.0058409
-0.0071654
-0.02105
-0.009816
0.0040047
-0.0059615
-0.017854
-0.02355
-0.021897
-0.020009
-0.035282
-0.032668
-0.034804
-0.028912
-0.033761
-0.038181
-0.0392
-0.043502
-0.025471
-0.0070279
0.02093
0.041658
0.048311
0.053529
0.043884
0.052552
0.053466
0.039484
0.03256
0.037243
0.036576
0.031163
0.023103
0.017397
0.014276
0.0039339
-0.014405
-0.01864
0.0027278
0.0045525
0.0068272
-0.012007
-0.015808
-0.021702
-0.013049
0.0036095
0.0084649
0.0022282
-0.0066758
-0.01379
-0.01044
0.00042121
-0.006094
-0.01291
-0.012957
0.003587
0.0052274
-0.0079428
-0.0067192
-0.021584
-0.014533
-0.0023917
-0.004122
-0.020085
-0.0062903
0.00088267
0.0010577
-0.0011865
-0.00032412
-0.0059837
0.00069914
0.0064669
0.0095631
0.0017028
-0.0014681
-0.0081098
0.0023494
0.0029925
-0.0010061
0.0045503
0.0030728
-0.008419
0.00043954
0.0023951
0.0061029
0.0015889
-0.0050982
-0.0023216
-0.0032753
0.0029253
-0.0032241
0.0024092
0.0071789
-0.0021215
0.0081311
-0.0049586
-0.017553
-0.014112
-0.018266
-0.0017171
0.0011556
-0.002747
0.00061583
0.0058405
0.01107
0.0093895
-0.0043784
-0.0086469
-0.0037771
0.0065724
0.0039506
0.014619
0.0053518
0.015827
0.012359
0.026579
0.018938
0.01268
0.013995
0.014796
-0.0011639
-0.000258
0.007789
-0.00051231
0.0061997
0.0017819
-0.0060484
-0.017115
-0.0067824
-0.021322
-0.012555
-0.015335
-0.010038
-0.0080384
-0.022162
-0.016981
-0.014679
0.0016276
0.01038
-0.0085093
-0.0025181
0.0089695
0.010115
-0.00050598
0.010414
0.013676
0.0081928
0.010385
0.016322
0.0023349
0.005422
0.0012522
0.0049011
0.0060704
-0.0048155
-0.013998
-0.014539
0.0066127
0.00026895
-0.013446
-0.021791
-0.015131
-0.010824
-0.0047616
0.0017933
0.0046623
0.0030572
0.0012242
0.0018945
-0.0033063
-0.0024494
-0.0040511
-0.0065147
-0.0070404
-0.0049147
0.0026314
0.00061632
0.0048987
0.00056117
0.0053851
-0.0033259
-0.0011884
0.00095224
-0.0012136
-0.00085605
-0.0031836
-0.0006584
0.010566
0.00053004
0.0016424
-0.0026967
-0.0040198
0.009772
0.0091571
0.0013934
0.0044181
0.0099939
0.0096558
0.0026784
-0.0023452
0.013198
0.015257
0.0018192
0.011756
0.012574
0.0038736
0.0015031
0.0063263
-0.0042693
-0.0016564
-0.011537
-0.00095616
-0.0010307
-0.0019173
0.0033392
0.0062215
0.0010742
0.0161
0.0012452
0.010209
0.018898
0.0012544
-0.0063371
-0.00024164
0.00036728
0.0025548
0.005815
0.00025923
-0.0038086
0.0019028
-0.011772
-0.016811
-0.029444
-0.0006448
-0.015657
-0.02539
-0.0025315
0.0082896
0.010555
0.0091537
-0.006237
-0.00073312
-0.020573
-0.01895
-0.013947
-0.017836
-0.0011613
-0.015168
-0.0051503
-0.0020986
-0.0014628
-0.0051757
-0.0067171
0.0054197
-0.010048
-0.01548
-0.0050014
0.0051656
0.0024351
0.0042596
-0.0053828
-0.015012
0.0096944
0.010721
0.0056452
0.0040196
-0.0062691
-0.019573
-0.020161
-0.016997
-0.0058985
-0.024126
-0.0036939
-0.0014436
0.016061
0.027931
0.032907
0.029957
0.04329
0.040999
0.036167
0.025604
0.022924
0.011224
-0.0046041
-0.011897
-0.0096276
0.0041108
0.016434
0.019802
0.023744
0.02786
0.017045
0.0048091
-0.00053661
-0.00302
-0.010115
-0.020597
-0.0045656
-0.022809
-0.016335
-0.024545
-0.0072752
0.0065375
-0.0032826
-0.013486
-0.0069959
-0.014405
0.0074313
0.015603
0.0069932
0.0016318
-0.00071129
-0.011736
-0.004195
-0.01185
-0.01496
0.013667
0.017848
0.002095
-0.0075688
-0.016483
-0.015637
-0.029917
-0.01842
-0.024643
-0.028232
-0.012832
0.010292
0.0078231
0.0069194
0.0012152
0.017367
0.022025
0.004018
0.0056759
-0.0046068
-0.015135
-0.029484
-0.021924
-0.026615
-0.033451
-0.037097
-0.013849
-0.00084038
-0.003432
-0.0096763
-0.01309
-0.017976
-0.0013292
0.0059645
0.042106
0.039416
0.044374
0.051283
0.053997
0.049998
0.046562
0.03178
0.030089
0.003133
0.0017117
0.00063993
0.0083391
-0.0069401
-0.0084536
-0.016047
-0.02806
-0.024818
-0.032593
-0.016988
-0.0096842
-0.025952
0.0055194
0.018636
0.019627
0.0054785
-0.0053938
-0.0073928
-0.0070988
-0.02169
-0.011298
-0.013725
-0.013881
0.018501
0.024359
0.00096315
-0.0014949
-0.015237
-0.017445
-0.01093
-0.027717
-0.023906
-0.0018593
-0.0098638
-0.0011018
0.026853
0.029466
0.030778
0.027984
0.021521
0.0043255
0.0026663
-0.0082424
-0.010606
-0.0084558
-0.0093253
-0.017648
-0.015462
-0.017188
-0.011954
0.0074022
0.024322
0.020492
0.016535
0.0026978
-0.00032309
-0.0079574
-0.0064438
-0.0033674
-0.010328
-0.0070202
-0.017417
-0.0043983
0.014137
0.032084
0.027344
0.02642
0.029224
0.018843
0.014448
0.0040064
-0.0013691
0.0024331
-0.0028504
-0.0013195
-0.0058512
0.00094548
-0.0045448
-0.0054701
-0.0098979
-0.0056933
-0.012414
-0.013725
0.0054793
0.0070013
-0.0019018
-0.010744
-0.0092849
-0.0066126
-0.012691
-0.011158
-0.0025347
-0.0056123
-0.010966
-0.014873
-0.011521
-0.0035023
-0.012037
-0.010669
-0.016649
-0.023345
-0.021655
-0.021616
-0.021427
-0.012677
-0.021766
-0.019652
-0.022335
-0.02036
-0.023397
-0.023795
-0.017258
-0.02356
-0.018613
0.0026857
-0.007664
-0.0071031
-0.0082088
0.012532
0.02995
0.041838
0.048063
0.052669
0.064254
0.065793
0.070389
0.064466
0.062063
0.055065
0.053896
0.041573
0.026208
0.013064
0.010673
-0.0013355
0.0019362
0.0042575
-0.011089
-0.014908
-0.014452
-0.0127
-0.014173
-0.014251
-0.013411
-0.024675
-0.014816
-0.017555
-0.021417
-0.016219
-0.01083
-0.012159
-0.010733
-0.024366
-0.013375
-0.014836
-0.011371
-0.0099243
-0.018153
-0.019597
-0.02246
-0.010159
-0.010654
-0.01403
-0.0046275
-0.011713
-0.010243
-0.012043
-0.0090145
-0.0090211
-0.0057706
-0.0026897
-0.010062
-0.0038978
-0.0063779
-0.0075654
-0.0074041
-0.0007924
-0.0064791
-0.0015429
0.004818
0.0060535
0.0019016
0.012924
0.013443
0.0094946
0.002529
0.0025818
-0.0011427
0.010483
-0.0010643
-0.0042456
-0.0056493
0.0028422
0.010051
0.010509
0.0005297
0.016446
0.023632
0.022199
0.027055
0.014177
0.014932
0.0095672
0.0097541
0.01085
0.0055409
0.0016524
0.00029169
-0.0011925
-0.0023709
0.0022515
0.00029025
-0.001408
-0.0030267
0.0086714
0.01187
0.0010126
-0.0027516
-0.0060526
-0.0019032
-0.0025902
-0.002516
-0.0022501
-0.01066
-0.015213
-0.010269
-0.010196
-0.0065069
-0.0045827
-0.0053018
-0.0066834
-0.0093236
-0.0067172
-0.014325
-0.012717
0.0077508
0.017684
0.0072311
0.0034478
-0.0081329
-0.01033
4.312e-05
-0.0020549
-0.0025258
0.0033189
-0.00099615
0.0012987
-0.0094874
-0.0122
0.0049582
-0.0031117
-0.0065369
-0.0059569
-0.017246
-0.0061687
-0.0032114
-0.0023058
-0.0083548
-0.0089817
-0.0037635
0.00011821
-0.0031042
0.0074092
0.0064615
-0.0063468
-0.013225
-0.010805
-0.0096877
-0.0037922
-0.017929
-0.020444
-0.0094268
0.0035973
-0.0036291
-0.0010752
-0.0088576
-0.0016014
-0.0066643
0.0018899
0.011329
0.0016569
0.023125
0.0091394
0.006639
0.010046
-0.0050424
-0.0034271
0.0035885
0.015458
0.020425
0.026152
0.029036
0.025771
0.027733
0.034191
0.021695
0.019189
0.021249
0.014292
0.015317
0.019004
0.0060515
0.022465
0.028742
0.015284
0.011938
0.014827
0.01344
0.0080498
-0.0086871
-0.0077972
-0.020123
-0.022778
-0.01869
-0.021013
-0.027863
-0.029497
-0.026216
-0.02335
-0.026636
-0.024986
-0.015419
-0.019004
-0.010094
-0.013438
-0.012991
-0.011584
-0.017435
-0.016941
-0.022124
-0.014464
-0.014844
-0.024525
-0.025274
-0.01818
-0.0079001
0.0025737
-0.0043295
-0.0068597
-0.01553
-0.0053118
-0.0060505
-0.018959
-0.014969
0.0074859
0.022617
0.011836
0.0090569
0.011598
0.03663
0.04812
0.053912
0.033233
0.021961
0.015578
0.0057312
0.0079138
0.0026651
-0.008812
0.029426
0.019452
0.01463
0.0084556
0.00041723
0.0051633
0.0019324
-0.0055671
-0.0041154
-0.0087716
-0.0057424
-0.0059266
-0.013858
-0.014957
-0.0090798
-0.014613
-0.01422
-0.0049964
-0.0099966
-0.017983
0.0032549
0.008391
0.0040999
0.0082424
0.022381
0.006211
0.0033993
0.0012293
0.026199
0.018057
0.01398
0.014665
-0.00089411
-0.004279
-0.0092535
-0.0097354
-0.0080746
-0.0113
-0.011432
-0.0069406
-0.011125
-0.0068906
-0.00060154
-0.011061
-0.015773
-0.006705
-0.0077013
-0.0093961
-0.0053743
-0.012547
0.025296
0.023934
0.012531
0.010606
0.0081912
0.0034304
-0.0036143
-0.0039763
-0.0011465
-0.004693
-0.0035992
-0.0098138
-0.0023496
0.015273
0.015376
0.0026156
0.0049145
-0.0061314
0.00020957
-0.0039648
-0.0014938
-0.0055365
-0.0090772
-0.0041755
-0.0039002
-0.0059992
-0.0048557
-0.002334
-0.0048033
-0.0080001
-0.0060668
0.00079469
-0.0070684
-0.0083319
-0.011159
-0.013656
-0.0017755
-0.0035451
-0.00091686
-0.0022095
-0.0017678
-0.0018821
-0.0070928
0.0011929
-0.0098916
-0.0059917
0.01027
0.0016985
0.0066219
-0.0039469
0.010153
0.010365
0.0010577
0.0043472
0.0043742
-0.0012377
0.0017504
-0.002178
-0.00035748
-0.0029759
0.01784
0.025047
0.0283
0.020975
0.013976
0.015914
0.0097429
0.0028222
0.0019186
0.0032944
-0.0049039
-0.0037761
-0.0023928
0.0057567
0.0062937
0.0019699
0.0047345
0.0024189
-0.001249
0.0019845
-0.0013937
-6.5421e-05
-0.00057508
-0.0017881
-0.0018896
-0.00062033
-0.0045352
-0.0026228
-0.0025841
-0.0067766
-0.0067941
-0.0059217
-0.0043619
-0.005727
-0.0035948
-0.0035698
-0.0028555
-0.0038432
-0.007285
-0.015718
-0.0052781
-0.0042019
-0.012366
-0.013639
-0.010491
-0.0039902
-0.0069206
-0.0062303
-0.0085681
-0.0085465
-0.0085051
-0.0055964
-0.0074987
-0.00058276
-0.0083721
-0.011915
-0.0088973
-0.0082003
-0.0027658
-0.0021685
-0.0055894
0.0071085
0.014903
0.015326
0.017035
0.0082332
0.0052862
-0.00010828
-9.3077e-05
-0.004143
0.020621
0.024644
0.024627
0.020408
0.012015
0.0041528
0.0031512
0.0047877
0.013636
0.0056797
0.0088041
0.006139
0.00079079
-0.0019029
-0.0027987
-0.0060379
-0.0033837
0.0049091
0.010312
0.0086338
0.0035156
0.0050917
-0.0050926
-0.0022254
-0.0039567
-0.0085096
-0.0031222
0.0023603
-0.0087977
-0.012219
-0.005435
-0.0032763
-0.0040646
-8.7258e-05
-0.0072128
-0.0079027
-0.0067679
-0.010113
-0.0048542
-0.0069099
-0.0055742
-0.010244
-0.0083085
-0.012339
0.0017801
-0.00024182
-0.0030938
-0.0032282
-0.0076447
0.0003272
0.0051679
0.017885
0.004288
0.0083699
0.00474
-0.0045657
0.0052236
0.0016307
0.001758
0.0098905
0.0046391
0.0036552
-0.0015646
-0.0023495
-0.0056205
-0.0052548
-0.0019832
-0.009363
0.0031316
-0.011692
-0.012947
-0.010056
-0.015955
-0.013876
0.0051392
0.013355
0.005335
0.0041545
0.0036958
0.0089923
0.0090207
0.025074
0.02081
0.022473
0.033517
0.023179
0.01841
0.0065369
0.0090564
-0.017338
-0.0079159
0.00015341
0.0019737
0.013253
-0.00014191
-0.0099224
-0.015749
-0.025131
-0.016092
0.00021644
-0.0041994
-0.017757
-0.024345
-0.034731
-0.025253
-0.014279
-0.0095209
-0.0226
-0.0094058
-0.0040244
0.0075369
0.0027889
-0.00038838
-0.0001808
-0.0022646
-0.0055878
0.0024173
0.011538
0.01065
0.019028
0.016435
0.018385
0.01256
0.0074084
-0.0035432
-0.0094628
0.0056503
0.0095995
-0.0015669
0.0045615
0.0046498
0.0033379
-0.0021435
-0.0045575
0.0010796
0.0060472
0.0095728
0.0016843
-0.0021378
-0.0071954
0.0073434
0.0064378
-5.3517e-05
0.0052609
-0.0082456
-0.0054795
0.0038672
-0.00034143
0.010633
0.018506
0.023194
0.013919
0.022279
0.011814
0.011996
0.006324
0.0012003
-0.0064354
-0.016637
-0.016538
-0.02542
-0.026379
-0.028011
-0.021859
-0.015837
-0.004957
0.0054013
0.0035029
0.0032663
0.0031612
0.0077998
0.004951
0.0081069
0.0057565
0.010596
0.0030806
-0.0015275
0.0044671
0.010122
0.012452
0.012349
0.0019038
0.00012413
-0.0041035
-0.001905
-0.0054244
-0.0087699
-0.017573
-0.0071449
-0.0010276
-0.011569
-0.012702
-0.025986
-0.018561
-0.0055835
0.0031963
0.0070337
0.012562
0.0041122
0.0087276
0.0011177
0.00085496
-0.013089
-0.0061622
-0.0072873
-0.0092395
-0.0059529
-0.0048303
-0.0078062
0.0017646
-0.0010002
0.00032324
-0.0052157
0.0023229
-0.0061346
-0.000356
-0.0077713
-0.005121
-0.0024805
-0.0031505
0.0040449
0.001677
0.0044312
-0.00018686
0.0011543
0.0048173
-0.0047696
0.0036869
-0.0010809
0.0099437
-0.0011917
-0.0019785
0.0028801
0.010453
0.0050959
0.0067828
0.0086663
0.013255
0.010232
0.024917
0.021554
0.021195
0.017885
0.020517
0.01278
0.011485
0.014092
0.025131
0.019318
0.0085068
0.011389
0.019628
0.022478
0.02148
-0.003842
-0.0057338
-0.011146
-0.018973
-0.018546
-0.0089306
0.0018116
-9.5548e-05
-0.01413
-0.011755
-0.020407
-0.0162
-0.017554
-0.020014
-0.021907
-0.020819
-0.02444
-0.023236
-0.016537
-0.020313
-0.019325
-0.017488
-0.020345
-0.017401
-0.0054445
0.01056
-0.0034604
0.00043412
-0.0064874
-0.006132
-0.0075188
-0.0076847
-0.001816
-0.0080598
-0.0022019
-9.005e-05
0.0033971
0.0012477
-0.0054733
0.0045339
-0.0028586
-0.0031829
-0.008313
0.00067585
0.022116
0.020156
0.013954
0.023074
0.038801
0.034917
0.023621
0.016949
0.0053101
0.0094939
0.0018885
0.0037504
-0.0007671
0.0030107
0.0015154
-0.00092424
-0.0027808
-0.0024373
-0.0048281
-0.0067916
-0.0015818
-0.011067
-0.009174
0.00069618
-0.0036799
-0.0054123
-0.0079639
-0.0067877
0.0026122
0.0019205
0.015338
0.026766
0.018887
0.014185
0.010795
0.0041279
-0.0040808
0.0037947
0.0070139
0.0029251
0.0028379
-0.0024875
0.0004896
-0.0032812
0.0046141
-0.0040878
-0.010145
-0.0019572
-0.0068322
-0.011521
-0.0069303
-0.0011219
-0.011606
-0.0022275
-0.010208
-0.0067314
-0.003552
-0.010381
-0.004901
-0.012132
-0.01324
-0.013851
-0.007491
-0.0072569
7.2868e-05
-0.007812
-0.010178
-0.0080487
-0.0055286
-0.01035
-0.0098441
5.1136e-05
-0.011403
-0.0084025
-0.0016293
-0.0080118
0.015636
0.034932
0.021316
0.018653
0.0090974
0.0047087
0.0079383
0.0093654
-0.00076856
0.0032597
0.0059135
-0.003648
0.0014773
0.0058805
0.0069778
0.015315
0.008459
0.0034875
0.010584
0.0043405
0.0021407
0.003027
-0.003639
0.011766
-0.0016051
-0.0052141
0.00034645
-0.003503
-0.0017685
0.0021662
8.9507e-05
-0.0053128
-0.0012633
-0.0058798
-0.0034825
-0.0024477
-0.00092958
0.0024072
-0.0050688
-0.0046229
-0.0067982
0.00080151
-0.0097721
-0.0054851
-0.006637
-0.0033944
-0.012837
-0.010727
-0.0028204
-0.012316
-0.0088669
-0.0038696
-0.00022156
-0.0042312
-0.0057166
-0.0063206
-0.0073147
-0.0079234
-0.01052
-0.0027991
0.011312
0.013042
0.0074966
0.0034231
0.0019481
0.028061
0.030118
0.010204
0.019801
0.016654
0.0066216
0.0066294
0.0061471
0.003193
0.0036347
-0.0042503
0.0014448
-0.0052547
-0.0039136
-0.0052348
-0.0066289
-0.010993
-0.0083138
-0.0088915
-0.012583
-0.010252
-0.0058476
-0.0089203
-0.0035971
-0.0086133
-0.01539
-0.010673
-0.0047557
-0.0082202
-0.012597
-0.00072514
0.010483
0.03575
0.027796
0.0257
0.013863
0.014228
0.006069
0.0080614
0.0044609
0.0036511
0.0029885
0.00020469
-0.0063201
-0.0056407
-0.012387
-0.0069077
-0.0066547
-0.0008103
-0.004936
-0.0026774
-0.00012641
-0.006758
-0.0032257
-0.010101
-0.0049638
-0.00857
0.0035582
-0.0013595
0.00085807
-0.0038682
0.0029534
-0.002337
-0.0045042
0.001184
-0.00028181
-0.0031511
-0.0045594
-0.0033549
-0.0049954
-0.0057161
-0.0013686
-0.0057398
0.003254
0.0021401
-0.001119
0.0051293
-0.0043345
-0.0025767
0.0077596
-0.00030933
0.0019368
-0.00052213
0.0065986
6.5694e-05
0.022416
0.011508
0.0078691
0.0036442
0.0020047
0.01304
0.0061882
0.0049809
0.0031583
0.0042343
-0.00079676
0.0030362
0.0069543
0.007329
-0.0025245
-0.0028073
-0.005452
0.00091913
-0.0048836
-0.0071671
-0.00627
-0.0063246
-0.0030696
-0.0035273
-0.001338
-0.0067871
-0.0058493
-0.0037605
-0.010795
-0.00062889
-0.009712
-0.01072
-0.0044559
-0.0067871
-0.01387
-0.0095904
-0.0095595
-0.014677
-0.0035675
-0.0083448
-0.010282
-0.013322
-0.0090002
-0.0025205
-0.0064151
-0.0053191
-0.014086
-0.0024388
0.020607
0.049651
0.033237
0.017389
0.016938
0.012292
0.019518
0.021111
0.012491
0.013515
-0.003798
-0.0021888
0.032084
0.020504
0.013611
0.0066423
0.0034921
-0.0014285
-0.0031578
4.768e-05
-0.0048477
-0.0036165
-0.0078047
-0.010584
-0.0092998
-0.0077252
-0.0071407
-0.014475
-0.0074658
-0.010923
-0.0035394
-0.012762
-0.0077792
-0.012619
-0.0085662
-0.013969
-0.012821
-0.021871
-0.01057
-0.0098166
-0.0097909
-0.012593
-0.011817
-0.0061148
-0.0072635
0.0081682
0.020735
0.024948
0.021803
0.027169
0.019449
0.014894
0.0062895
0.0075948
0.006371
0.0035826
-0.0035941
0.0019679
-0.0023726
-0.0016935
-0.001574
-0.0057322
-0.001835
-0.0044525
-0.0022395
-0.0047516
-0.0087837
-0.0045672
-0.0050784
-0.012702
-0.0082998
-0.0040917
-0.0084482
-0.0026831
-0.0084274
-0.0088292
-0.0025187
-0.002061
0.013388
0.00554
0.0013303
0.0058845
-0.0039451
-0.00097889
0.00065971
-0.0070071
0.0059253
-0.0018464
0.00068618
0.0002048
-0.0032017
-0.0028037
-0.00041161
-0.0065017
0.00052272
-0.0038263
-0.0091011
-0.0014788
0.0028369
-0.0040111
0.0094021
0.010738
0.032587
0.0416
0.022642
0.019644
0.011854
0.0091168
0.014145
0.0093815
0.0076423
0.0031065
0.0010185
0.0015232
-0.00062456
-0.0064692
-0.0014481
0.00050335
0.0014039
0.0001505
-0.0031318
-0.0080939
-0.0030452
-0.0014728
-0.010071
-0.0065851
-0.0068037
-0.0032722
0.0017611
-0.010356
-0.013319
-0.003359
-0.011092
-0.010549
-0.0083482
-0.0066304
-0.013546
-0.013456
-0.010708
-0.006125
-0.012068
-0.0080552
-0.0094175
-0.011341
-0.012546
-0.017144
-0.0095843
-0.013076
0.00045254
-0.0036922
-0.0010065
-0.0046211
-0.0083917
-0.010822
-0.014105
-0.0083333
-0.006303
-0.00064799
-0.017523
0.010692
0.013457
0.0095467
-0.0035732
0.0075247
0.024192
0.022607
0.037419
0.0566
0.037959
0.028582
0.016861
0.014109
0.004431
0.0072337
0.0061682
-0.00037404
0.0036878
-0.0082123
-0.0044238
0.016521
0.013907
0.008302
-0.004479
-0.0047037
-0.00594
-0.0065234
-0.0077742
-0.0043536
-0.0046537
-0.0095679
-0.008102
-0.0081316
-0.007827
-0.0064668
-0.014152
-0.0050752
-0.0091009
0.0033935
0.0021414
0.003008
0.0046942
-0.0024337
0.0022562
-0.003564
-0.00018373
-0.0051074
-0.003481
0.0016967
-0.0014676
0.0005609
-0.001928
-0.0038061
-0.0019492
-0.0024807
-0.0053045
-0.005656
-0.0035484
-0.0036565
-0.0046942
0.0021877
-0.00023168
0.0024968
7.6627e-05
-0.00072434
-0.00061643
-0.00099928
-0.0047492
0.00079374
-0.00016216
0.0041792
-0.0021716
-0.00114
-0.0038246
-0.0032824
-0.0036653
-0.0024496
-0.0028082
-0.0024672
-0.0039227
-0.0025532
-0.00042397
0.0027846
-0.0051791
-0.0054912
-0.0022428
-0.0077483
-0.0045109
0.0015332
-0.0031135
0.00045101
-0.0083236
-0.0062616
0.0070905
0.01129
0.0028949
0.0063193
-0.00069959
-0.0010703
-0.0074486
-0.0097441
-0.0036418
-0.0094369
0.013854
0.012989
0.0073371
0.0012238
0.0085028
0.018197
0.0078069
0.024087
0.025781
0.041007
0.021371
0.019374
0.025713
0.006266
0.0042452
0.0034662
-0.0051008
-0.0093139
-0.0050358
-0.0084193
-0.01555
-0.01311
-0.017417
-0.018377
-0.020001
-0.019037
-0.028167
-0.018209
-0.01804
-0.021128
-0.0066458
0.025473
0.013616
0.011632
0.0080209
0.004856
0.001545
0.0083659
0.002242
0.0050108
0.0031819
-0.0064032
-0.0042614
-0.0036829
-0.0052511
-0.0037876
-0.010393
-0.0034522
-0.008667
-0.012052
-0.0053065
-0.0096751
-0.0059069
-0.011866
-0.00031379
-0.0056889
-0.0050098
-0.0043363
-0.0049127
-0.0046445
-0.0040113
-0.0064848
-0.0093517
-0.0060947
0.016055
0.03234
0.022241
0.018422
0.011798
0.014653
0.0079847
0.0098999
0.0045963
0.0097423
0.0046625
0.005588
-0.00015649
0.0070492
0.0036049
0.0039853
0.0036529
0.0099754
0.0039497
0.0069827
0.00019052
-6.9462e-05
0.0076712
0.0037954
-0.006005
-0.00061652
-0.00019349
0.0040267
-0.004457
-0.0018402
0.002848
-0.0013257
-0.0036098
-0.0040241
-0.0062068
-0.0034779
-0.0063987
-0.0081234
0.00035411
-0.0082417
-0.0073904
-0.012576
-0.010501
-0.0085079
-0.012582
-0.00972
0.0019404
0.0063639
0.0053585
0.0069044
-0.0049912
-0.0078098
-0.008186
-0.011648
0.0080711
-0.0041176
-0.013425
-0.01288
-0.016822
-0.015936
-0.02174
-0.011067
-0.0020563
0.011296
0.0079566
0.0039071
0.0088834
0.01239
-0.002453
-0.0067629
-0.0055539
0.0039433
0.0065408
0.0076502
0.00081239
0.0043454
0.021916
0.025281
0.012886
0.011156
0.00028957
-0.0034319
0.012159
0.0086303
0.0029944
0.0054313
0.0049632
0.0058253
0.011453
0.018124
0.0071439
-6.4626e-05
-0.0070877
-0.013102
-0.011483
-0.010815
-0.0088935
-0.024237
-0.022493
-0.019139
-0.0089627
-0.0073487
0.0040946
0.007274
-0.0017694
0.0088361
0.019842
0.018414
0.01901
0.0099204
0.0034851
0.0036855
-0.0023125
-0.0055831
-0.0012059
0.012173
0.0043526
0.0096415
0.0098765
0.011324
0.011349
0.0072769
0.011195
0.01131
0.0078128
0.0022159
-0.0017809
0.0038108
0.0069753
0.0029885
-0.0032131
-0.010342
-0.013781
-0.014037
-0.010926
0.00093308
0.0040169
0.0036843
-0.0025692
-0.0054691
-0.014429
-0.022033
-0.0069644
-0.016147
-0.01132
-0.0033485
-0.006976
-0.01616
-0.016111
-0.016814
-0.019507
-0.012772
-0.0097384
-0.0045961
-0.0011872
-0.0062892
-0.029929
-0.025385
-0.024967
-0.021031
-0.019249
0.0032306
0.0026475
0.002838
0.0032222
0.0038332
0.0045292
0.0073102
0.01253
0.012154
0.0098481
0.012355
0.0015521
-0.00081145
0.0069594
0.015818
0.015189
0.0095117
0.022728
0.024505
0.017937
0.01728
0.022954
0.015533
0.015931
0.001607
0.0070238
0.019805
0.021167
0.0099094
0.020285
0.026844
0.032862
0.020901
0.014208
0.021613
0.013927
0.011655
0.00059465
-0.0086043
-0.014788
-0.026159
-0.022349
-0.024113
-0.023939
-0.020014
-0.024675
-0.026685
-0.012743
-0.0083767
-0.012337
0.00038696
0.0097825
0.012824
0.020528
0.0021237
-0.0035963
-0.008966
-0.0080673
-0.012506
-0.0083507
-0.016959
-0.016997
-0.014055
-0.016954
-0.019069
-0.012203
-0.008052
-0.016199
-0.020076
-0.01733
-0.011775
-0.016681
-0.015483
-0.013085
-0.015996
-0.011486
0.014952
0.0086838
0.0087846
0.01971
0.043588
0.038344
0.024365
0.023668
0.012762
0.0035926
0.010134
0.004391
0.0020351
0.0075981
0.0041364
-0.0032353
0.00014319
0.0042657
-0.0061054
-0.0018138
-0.0089146
3.4831e-05
-0.0093196
-0.0038989
-0.0044104
-0.0037446
0.0062361
-0.0065512
0.0020992
-0.00039634
0.0021172
-0.0016619
-0.0085249
-0.001133
-0.0015771
-0.001449
-0.0071617
-0.0042207
-0.0046854
-0.0046767
-0.00020358
0.016823
0.012708
0.012836
0.011533
-0.0020185
0.0053731
-0.0010753
-0.0041332
0.0018244
0.0009924
-0.00335
0.0041802
0.019417
0.013263
0.0061872
0.0064257
0.0071303
0.0042626
-0.0022368
-0.0021875
0.00098331
-0.0073796
-0.0032959
0.001298
-0.0072051
-0.0074922
-0.0022409
0.017171
0.015135
0.012111
0.0045884
0.0087802
-0.0060031
-0.0097249
-0.011488
-0.0085346
0.0015274
-0.002407
-0.0082755
-0.004082
-0.0076836
-0.0088044
-0.0028775
-0.015262
-0.0048735
-0.0063628
-0.0063196
-0.0099453
-0.011365
-0.0046621
0.00053224
-0.010809
-0.0050328
-0.005842
-0.0064471
-0.0078807
-6.0832e-05
-0.0030582
-0.010666
-0.0086899
-0.0069095
-0.0053269
-0.0026587
-0.0050449
-0.004352
-0.0059451
-0.0032578
-0.0039515
0.0077284
0.039757
0.023598
0.017682
0.014105
0.010665
0.020732
0.008201
0.0025994
0.0099757
0.0039804
-0.0023394
0.0010634
0.0097843
0.013535
0.011023
0.0067561
-0.0075729
0.0030376
-0.0072053
-0.00376
-0.0077346
-0.0061672
-0.0078634
-0.0070215
-0.0092438
-0.0096936
-0.013229
-0.01028
-0.008905
-0.0055361
-0.0050291
-0.0042423
-0.014658
-0.01204
-0.006054
-0.006498
0.0083394
0.037825
0.025108
0.02922
0.01533
0.0091214
0.0033324
0.0064861
-0.003946
-0.0013921
-0.00044626
-0.0045526
-0.0055422
-0.0027773
-0.0013008
-0.00014053
-0.0015628
0.0029364
0.003301
-0.00030527
-0.00092193
-0.0034713
-0.0059164
-0.0067249
-0.0046784
-0.0049743
0.0010348
-0.0065342
-0.0054197
0.00083844
-0.0020102
-0.00070767
-0.0020028
-0.0053841
-0.0080832
-0.0023652
0.0056705
-0.0023064
-0.0013101
6.2114e-05
-0.002763
0.001522
-0.0026827
-0.0038708
0.0057943
0.0021783
0.0027465
-0.0016146
-0.0052881
-0.001629
0.0010571
-0.0065015
-0.0047676
0.0010498
-0.001605
-0.0083967
0.00043789
-0.0060807
-0.0039001
0.0065994
0.017743
0.037495
0.013773
0.017268
0.0055952
0.0027929
0.00522
-0.0021619
-0.0042629
-0.0014959
0.0013713
-0.002639
-0.012657
-0.0082389
-0.0062503
-0.0073669
-0.0071996
-0.0065456
-0.0073236
-0.0099002
-0.0088092
-0.017406
-0.0064869
-0.010836
-0.015134
-0.010552
-0.0114
-0.010046
-0.017395
-0.015299
-0.0041337
-0.0050831
-0.00029146
0.038414
0.026235
0.019641
0.0085491
0.020216
0.035327
0.030638
0.020199
0.023652
0.012114
0.018513
0.013191
0.007396
0.0063582
0.0023584
-0.0063726
-0.005087
-0.005459
-0.0095272
-0.012031
-0.0082984
-0.0016218
-0.0097663
-0.012958
-0.011716
-0.0075568
-0.013009
-0.0072729
-0.014995
-0.0074375
-0.010775
-0.0039129
-0.011674
0.017135
0.023771
0.0099805
0.003912
0.0020802
0.0041709
-0.012613
-0.0059636
-0.0047732
-0.0044989
-0.00041756
-0.0050101
-0.0064496
-0.014168
-0.010522
-0.014306
-0.0021143
-0.0025621
-0.016445
-0.0029738
-0.0023349
0.0053535
-0.0065266
-0.0064935
-0.0049427
-0.013089
-0.013563
-0.0021768
-0.0045233
-0.0048282
-0.0075296
-0.012683
-0.0062785
0.0061961
0.012796
0.04467
0.041328
0.029675
0.027913
0.020939
0.0099552
0.010453
0.0079027
0.0099121
0.0075332
-0.0041073
0.0020624
0.0033363
-0.0045187
-0.0015774
0.0031607
0.00313
0.0032616
-0.0039276
0.0027582
-0.0020257
-0.0029362
-0.01019
-0.0051338
0.0027605
-0.0013037
-0.0061346
0.0019664
-0.0036828
-0.0034501
-0.0094401
-0.0043494
-0.0024618
-0.0089721
0.0033394
-0.0063288
-0.0017035
-0.0080278
0.00024913
-0.0012922
-0.0039044
-0.0081967
-0.0025924
-0.0078481
-0.0029484
-0.0040376
0.0018504
-0.0047149
-0.0061558
-0.0023748
-0.0022656
-0.0012798
-0.006475
-0.0084459
0.005748
-0.011204
-0.0044325
-0.007092
-0.0013145
-0.011794
-0.0087404
-0.0025642
-0.0038829
-0.0055366
-0.011443
-0.0091977
0.014858
0.021622
0.014575
0.016623
0.014122
0.00887
-0.0069116
0.0033458
5.9958e-05
-0.0083357
-0.0084837
-0.0039524
-0.0037708
0.0015536
0.0031556
0.0050068
-0.00047648
0.00027465
-0.010114
-0.0072241
-0.011817
-0.011641
-0.0058706
0.038525
0.035431
0.040913
0.04177
0.019793
0.016863
0.018729
0.0067967
0.0017769
0.0077959
0.00058675
0.022843
0.0089925
0.0037221
0.0030574
0.0046333
-0.0047365
-0.00011364
-0.0083407
-0.010411
-0.012511
-0.015694
-0.0080474
-0.0056558
-0.014109
-0.017706
-0.01686
-0.00917
-0.014485
-0.017069
-0.013094
-0.016988
-0.0096383
-0.009328
-0.017028
-0.011954
-0.018549
-0.015665
-0.020458
-0.0038584
-0.0037188
-0.011681
-0.013101
-0.013298
-0.012977
-0.0041921
-0.0060177
-0.005892
-0.010955
-0.00076999
0.0081208
-0.011197
-0.0090229
0.0051278
0.032968
0.052226
0.043082
0.034528
0.027648
0.024957
0.01807
0.0071585
0.0098344
0.0046372
0.00034411
0.002155
-0.0058506
-0.0044282
0.0047708
0.0012411
-0.0035186
-0.0048917
-0.0010163
-0.010824
-0.002338
0.0003967
0.0015804
0.00051491
-0.0073098
-0.0078438
-0.0051742
-0.004436
-0.0011774
0.005639
0.0012833
-0.0011233
-0.0010578
-0.0041065
-0.00049721
-0.0022643
-0.005386
-0.0030144
0.00027903
0.012211
0.0012397
0.0045958
0.0042155
-0.0011284
-0.0011716
0.0057947
-0.0024038
0.0018656
0.00038079
0.0083018
0.02078
0.011599
0.012131
0.010433
-0.0060654
-0.0047493
0.0063905
-0.0017177
-0.001339
-0.00073784
-0.00082847
-0.010531
-0.0059486
0.00056273
1.0213e-05
-0.011013
-0.0044458
-0.0020878
-0.0035957
-0.0059966
-0.0078814
-0.01281
-0.00805
-0.0078714
-0.0012481
-0.0088233
-0.012809
-0.014098
-0.0072919
-0.0096021
-0.0084241
-0.013373
-0.011924
-0.0078403
-0.017559
-0.017077
-0.020172
0.0025726
0.00020988
-0.00048738
0.0071335
0.0023669
-0.00029642
0.015725
0.018038
0.014613
0.022154
0.021598
0.026284
0.01584
0.011798
-0.0097101
-0.0035086
-0.0050702
0.003071
0.0097641
0.0066945
0.00080682
0.001322
0.012405
0.01472
0.013147
0.0026658
-0.01284
-0.018703
-0.0060532
-0.005841
-0.000946
0.01267
0.013864
0.014554
0.0090434
-0.00068038
-0.0015319
-0.0076286
0.0069625
-0.00018664
-0.00062988
-0.00063451
0.0044401
0.0055031
-0.010123
-0.0064921
-0.0088551
0.0020202
0.0068646
0.0045317
0.00019041
-0.0056171
-0.0054011
0.0014195
0.00066875
-0.0028213
-0.0060134
0.0013264
-0.0020338
-0.0020738
-0.0019299
-0.0060841
-0.0087897
-0.015308
-0.0070693
-0.0048065
-0.0034599
-0.0075537
-0.010115
-0.0032281
-0.0053029
0.0042718
0.0041777
0.010874
0.0033784
-0.0049281
-0.017914
-0.0088382
-0.0034027
-0.0032974
0.0067834
-0.0010282
0.0067694
-0.00011672
0.0013601
-0.00093842
0.0012706
-0.0044878
0.0043349
-0.0041264
-0.012153
-0.0012196
-0.0061961
-0.0037899
0.0075001
0.0076604
0.007708
0.006865
0.015738
0.0062635
0.014533
0.010382
0.010383
0.007623
0.0082915
0.010877
0.015652
0.019671
0.014912
0.0073961
-0.0013706
0.00085122
-0.010537
-0.0037774
-0.0030007
-0.0087142
-0.0078153
-0.009078
-0.0046138
-0.011431
-0.0059533
-0.015592
-0.0067501
-0.0012116
-0.0055123
-0.0034193
-0.01305
-0.011496
-0.004625
-0.013186
-0.010782
-0.0085476
0.0012695
0.0042419
0.0098273
0.021632
0.0087636
0.0051822
0.011158
0.0048853
0.0022016
-0.0056429
-0.011757
-0.0076628
0.0050426
0.009889
0.011258
-0.0043852
-0.0007386
0.0005315
-0.0010511
-0.0023425
0.0044594
-0.00039981
-0.0055123
-0.0086285
-0.0033292
-0.0058947
-0.0014581
-0.0066005
-0.011273
1.3609e-05
-0.012426
-0.0074396
0.0051172
0.014952
0.0062736
0.0027044
0.0024187
0.0047579
0.0071937
0.010149
0.00084685
0.0043444
-0.006459
0.0071435
0.016602
0.015777
0.011038
0.0065509
0.0043239
-0.0046873
-0.015223
-0.0041704
-0.0096923
0.003271
0.0028858
-0.0095785
-0.0097801
-0.0098692
-0.0092318
-0.0098792
-0.0038527
-0.0030687
-0.0043793
0.00028465
-0.0072672
-0.001621
-0.0076377
0.0060278
0.0010152
0.0063907
0.0026095
-0.0021595
-0.0017026
0.0011922
0.0074763
0.0088619
0.0052816
0.0092569
0.0073835
0.0095198
0.00010776
-0.0077531
-0.0042562
-0.0049252
0.0022441
0.0067188
0.0076984
0.0068442
0.0081824
0.011713
0.0063952
-0.0032849
0.0058913
0.011324
0.0032991
0.0071766
0.010357
0.014646
0.014911
-0.00046904
0.0042437
-0.014525
-0.017529
-0.016827
-0.01953
-0.012915
-0.018632
-0.022054
-0.014946
-0.033357
-0.022555
-0.0040355
-0.0051233
-0.0058901
-0.0078943
-0.0093634
0.0033518
-0.0066967
-0.0059602
-0.0090506
0.0046415
0.0067904
0.0061228
0.0056724
0.014256
0.0092766
0.023265
0.014274
0.0048653
0.018311
0.015592
0.014994
0.021009
0.018289
0.0098042
0.0099081
0.00095312
-0.0022004
-0.0074231
-0.0012111
-0.0026565
-3.6694e-05
-0.011224
-0.0014493
0.008336
-0.0014778
0.0028548
0.0076206
-3.406e-05
-0.0016029
-0.0023023
-0.0078289
-0.010044
-0.016142
-0.019212
-0.0082128
-0.0023767
-0.0033303
-0.00098241
0.006182
0.0045126
0.010918
-0.003868
-0.013487
-0.0068449
-0.011291
0.0065529
0.00014041
-0.01164
-0.014901
0.0057497
0.010579
-0.00088628
0.00096646
-0.00051581
-0.0023995
0.0053618
0.0093712
0.0086016
0.0023468
0.0007873
0.0071852
0.0099258
-0.0019786
-0.0014935
-0.0054161
-0.0048559
-0.003679
0.0064188
0.00069992
-0.0040487
-0.013153
-0.011281
-0.0041003
-0.0043665
-0.012493
-0.0048319
-0.0027425
-0.0022284
-0.00086445
0.0021393
-0.0082601
-0.0088213
0.0046415
-0.0052966
0.010884
0.011198
0.0094497
0.010069
0.016656
0.022541
0.016915
0.015985
0.013188
0.012194
0.0032922
-0.0043102
0.0034518
-0.0026251
-0.005164
0.0022513
-0.00087984
-0.0023329
0.0032491
0.0023984
0.0021115
-0.00066335
0.0072476
0.00092257
-0.0072958
-0.0052436
-0.0024929
-0.0054997
-0.009488
-0.010198
-0.0048549
-0.0028506
-0.0084749
0.013014
0.0032394
-0.0061597
-0.020442
-0.016799
-0.0022659
0.020972
0.0147
-0.003617
-0.0046869
-0.0166
-0.022729
-0.016179
-0.0086205
-0.0055501
-0.010175
0.0032337
-0.0023603
0.003945
0.0027625
-0.0061189
-0.0013144
-0.0033794
0.0029601
0.017901
0.0081916
0.00093265
-0.0057764
-0.012352
-0.0017662
0.0018271
-0.0059182
-0.010112
-0.013552
-0.016646
-0.011073
-0.0028335
0.0053517
0.010751
0.0048906
0.019096
0.01472
0.024621
0.016916
0.020052
0.0074039
0.012486
0.0061987
0.0080346
0.015667
0.020997
0.015016
0.0097555
-2.9736e-05
-0.01108
-0.01344
-0.010807
-0.020234
-0.0064282
0.0061174
0.014401
0.0052776
-0.0019636
0.0053324
-0.00058569
-0.0012105
-0.0026561
0.0036811
0.0012821
0.013165
-0.004152
-0.0073146
-0.013192
-0.019956
-0.013577
-0.0096301
-0.0093073
-0.012699
-0.0089408
0.0023871
0.0060179
0.0081549
0.011923
0.018105
0.0092949
0.0039186
0.0067931
0.0071528
0.00075916
-0.0062776
-0.0022418
-0.0042181
-0.019918
-0.017987
-0.0095033
-0.018685
-0.015813
-0.01929
-0.020685
-0.0084814
0.0025577
0.0004125
0.0013213
-0.0072154
-0.0075076
-0.004278
-0.0053425
0.0098701
0.0012856
0.0060655
0.0090451
0.017569
0.016181
0.006698
0.0019939
0.007003
0.00068909
-0.0058184
-0.0032181
0.0033472
-0.0042216
0.00084826
-0.001677
0.0010289
0.016133
0.0035879
0.0151
0.010167
0.0075936
0.016493
0.0098232
-0.00039092
-0.0038065
0.0073292
0.0076397
-0.0021984
-0.0056452
-0.010462
-0.0089016
0.0063132
0.014285
0.013973
0.0005255
-0.0098357
0.011259
0.014989
0.013919
0.0078936
0.01913
0.011181
0.0084032
0.0093345
0.0093951
-0.00068153
-0.0082263
-0.009886
-0.020782
-0.012186
-0.021033
-0.030066
-0.019105
-0.02507
-0.01547
-0.0015353
0.005864
0.0056299
-0.0039063
-0.019755
-0.0087047
-0.0095599
0.0051652
-0.0088431
-0.0077735
-0.011793
-0.012955
-0.017755
-0.015805
-0.018261
-0.019844
-0.011364
0.0076846
-0.0048482
0.009366
0.017746
0.0067398
0.0074477
0.004614
-0.0029774
0.0098164
0.005564
-0.00035723
0.012567
0.0019855
0.014665
0.0044769
0.0075997
0.0005351
0.0041487
0.004467
0.0055085
0.0019748
-7.1394e-05
0.010953
0.0086767
0.014241
0.018085
0.026882
0.019582
0.021167
0.022477
0.012943
0.013269
0.0063888
0.018574
0.0065151
0.019689
0.012561
0.010896
0.011061
-7.8799e-05
0.0023076
0.0090673
-0.00014738
-0.0039417
-0.0042577
-0.0074554
-0.0022933
-0.011319
-0.011017
-0.022332
-0.015874
-0.024628
-0.02792
-0.020398
-0.025773
-0.032251
-0.047254
-0.028884
-0.020569
-0.019609
-0.031053
-0.025825
-0.014465
-0.0068567
-0.01004
-0.0080243
-0.0080774
-0.0077944
-0.0066259
-0.015391
-0.00325
0.0016593
-0.008936
0.0058986
0.011636
0.0094207
0.024405
0.028783
0.01432
0.016374
0.029024
0.013469
0.014317
0.0025635
0.010793
0.011137
0.018851
0.022902
0.026262
0.021381
0.015994
0.029208
0.026469
0.024353
0.026026
0.016714
0.010653
-0.004204
0.0077584
0.0079901
0.0048418
-0.012499
-0.0085352
-0.015196
-0.020393
-0.014617
-0.034139
-0.027096
-0.024737
-0.0072779
0.0063082
-0.0045948
0.0073809
0.0053453
0.011705
0.016441
0.010224
0.014308
0.016548
0.0059334
-0.0061262
-0.01681
-0.014489
-0.023113
-0.037259
-0.03624
-0.025045
-0.023488
-0.024449
-0.016305
-0.017038
-0.0026067
0.0072409
0.0093248
0.0056742
0.0068409
-0.0055892
-0.00084299
-0.0058096
-0.0095212
-0.0049793
0.0029479
0.00081426
0.0057679
0.0081658
0.016124
0.017318
0.014098
0.0087656
0.01391
0.014975
0.011514
-0.0010101
0.005795
-0.0035426
-0.010194
-0.008687
-0.013062
-0.0036477
0.012704
0.0055427
0.0036599
0.0049799
0.015157
0.006046
0.0074427
0.0032916
-0.00036266
0.0018271
0.0066485
0.008016
0.0080584
0.0065357
-0.0043784
-0.0099203
-0.0059032
0.0022296
0.0073891
0.0050483
0.0085515
0.00085764
-0.0048191
-0.002289
-0.0039211
-0.012998
-0.020885
-0.012087
-0.0070688
-0.0019123
-0.012446
-0.011769
0.00085516
0.0086987
0.0091148
0.0080767
0.0086002
0.0095213
0.010425
0.0097032
0.0051603
0.00464
0.0099444
0.0069566
0.0036658
0.0052376
-0.0039829
0.0022704
-0.0023421
-0.0016303
-0.011855
-0.015675
-0.013396
-0.003738
0.0029394
-0.002909
0.0057603
0.0016722
0.0039023
0.0025232
-0.0035603
-0.0019333
0.0050922
-0.00038131
-0.0065844
-0.001871
-0.012496
-0.026823
-0.026478
-0.019753
-0.021396
-0.0093298
-0.0029306
-0.0087126
-0.0021362
0.0021216
0.0013067
0.0084092
0.0011186
0.0091007
0.01391
0.0092735
0.01046
-0.00050392
0.008614
0.0066695
-0.0047
-0.0022023
-0.0025609
0.002715
-0.0070875
-0.0025103
0.0036283
-0.0041307
0.0073649
0.0049513
0.0052565
0.011804
0.010211
0.015269
0.0061648
0.0045604
0.0099093
0.0076273
0.010986
0.0031423
0.012084
-0.0012279
0.0098402
-0.0018077
-0.0051677
-0.012817
-0.011496
-0.0026943
-0.0065429
-0.0011812
-0.0064837
-0.0062825
0.01069
0.0050378
0.0073617
0.0061818
0.01545
0.011834
0.010277
0.0021167
0.0029886
0.019111
0.0097888
0.0074105
0.0061458
-0.00011229
-6.4037e-05
-0.003987
-0.01152
-0.0098461
-0.010164
-0.0038512
-0.0080641
-0.011246
-0.012258
-0.012303
-0.0062925
-0.016589
-0.017548
-0.019223
-0.016853
-0.019497
-0.0055273
-0.0013809
0.001339
-0.00021121
0.00060988
-0.0012694
0.002673
-0.0064564
-0.00049202
-0.0032682
-0.008637
-0.003623
-0.012494
-0.0031208
0.004276
0.01422
0.001737
0.0083736
0.0043047
0.0014152
-0.011215
-0.0050214
0.0025207
0.00070007
-0.0042891
0.001308
0.0019272
-0.0035214
0.0026317
-0.0062402
0.0048113
0.007508
0.011375
0.0015811
0.01559
0.024413
0.01883
0.013753
0.015172
0.0024789
-0.010263
-0.012895
-0.0040782
-0.010602
0.009372
0.0022466
0.0094313
0.0096802
0.017123
0.015456
0.018145
0.01041
0.00037125
0.0017874
-0.0062377
-0.0094113
-0.0053459
-0.0041284
-0.00076968
-0.0044483
-0.0037312
-0.0076856
0.0021318
-0.0022431
0.010126
0.014268
0.021924
0.01754
0.026808
0.021854
0.017379
0.0036899
-0.0055257
-0.011663
-0.028579
-0.022329
-0.029908
-0.024713
-0.025448
-0.029465
-0.030313
-0.0087615
-0.018827
-0.020748
-0.0087877
-0.0035341
-0.00088413
-0.00023199
-0.016888
-0.002493
0.011938
0.01067
0.005264
-0.0067744
-0.0033572
-0.002014
-0.0072478
0.0038486
0.0055728
0.012899
0.017379
0.012342
0.014121
0.0076046
0.0079111
0.015542
0.0095872
0.0093762
0.012481
0.0035858
0.01025
0.014631
0.010861
0.004458
0.0077579
-0.0060051
-0.026611
-0.021555
-0.0075761
-0.011099
-0.011903
-0.0065266
0.0041586
-0.0036626
-0.0031816
0.0011075
-0.0052925
-0.00032491
-0.0094367
-0.021627
-0.028515
-0.007808
-0.005413
0.0011026
0.0038367
0.012893
0.0054616
0.0056987
0.0081716
-0.0015449
-0.0070046
0.0021222
0.013591
0.010835
0.00096876
-0.0090769
-0.0021835
0.0016421
0.0096854
0.012264
0.012341
0.010713
0.016615
0.016612
0.015668
0.015144
0.023573
0.020076
0.013323
0.0025595
-0.011437
-0.0044094
0.0060505
0.0055632
0.0013587
0.00074967
-0.00048206
-0.003386
-0.0039414
-0.0097408
-0.0084622
-0.012425
-0.014523
-0.020398
-0.010993
-0.0055243
-0.0038005
-0.013842
0.00039829
-0.0028209
0.0027828
9.8618e-05
-0.0051765
-0.0016903
-0.015592
-0.017906
-0.016654
-0.0036609
0.0013938
0.014954
0.0091202
0.0022118
-0.00090288
0.0068135
0.0074365
-0.0017126
0.0063682
0.0079434
-0.010666
-0.012829
-0.018781
-0.014746
0.0068423
0.016683
0.016816
0.020761
0.019143
0.015335
0.0024437
-0.00065861
-0.0031107
0.00062725
-0.0032559
0.010553
0.0010087
0.0031203
-0.00046513
-0.010697
-0.010856
-0.021219
-0.020961
-0.023316
-0.0092501
0.00089978
-0.01026
-0.012047
-0.0054834
-0.0025886
-0.021775
-0.019113
-0.019802
-0.01998
-0.0077704
-0.0056474
-0.017049
-0.021735
-0.0064046
-0.008682
-0.025246
-0.011288
-0.0045091
0.0052152
0.0057047
0.013938
0.024844
0.036196
0.034595
0.036421
0.035493
0.03525
0.026277
0.020053
0.011684
0.020085
0.034504
0.041123
0.038024
0.031502
0.035727
0.036959
0.034713
0.027237
0.023417
0.021287
0.013877
0.004078
-0.0051277
-0.0059156
-0.01678
-0.025634
-0.025832
-0.032037
-0.034594
-0.033937
-0.026422
-0.034451
-0.036589
-0.041175
-0.010598
-0.0091538
-0.025139
-0.011194
-0.022943
-0.016137
-0.019575
-0.015321
-0.0041105
-0.018602
-0.017688
-0.013209
-0.0156
-0.0091526
-0.016312
-0.015207
-0.0057236
-0.017774
-0.013596
-0.0059715
-0.00848
0.0057751
-0.011414
-0.015249
-0.0029999
0.010954
0.014045
0.011218
0.0080527
0.0055947
0.012226
0.026483
0.019465
0.02815
0.017819
0.019983
0.017617
0.022002
0.015781
0.005832
-0.0062856
0.011075
0.012877
0.01098
0.022793
0.019118
0.010701
0.01827
0.017413
0.0039188
0.0019953
0.0022092
0.0041505
0.0078927
0.0031317
-0.0050972
0.0012041
-0.00054003
0.002638
0.0019328
-3.2235e-05
-0.0029347
-0.0057935
-0.0035837
-0.013299
-0.011612
-0.0086712
-0.0055466
0.00080909
0.0038116
-0.0043626
0.0022838
-0.0079322
-0.0081595
-0.015604
-0.022741
-0.016155
-0.012149
-0.017998
-0.012673
-0.0084881
-0.0053625
-0.0046954
-0.0097204
-0.0028767
0.00056365
-0.0062931
-0.012871
-0.009982
-0.013899
0.0013243
0.0057451
0.00088635
-0.0024008
0.0058345
0.0030885
-0.0015665
0.0062505
-0.0010786
0.0056399
-0.0029167
0.0085179
0.004557
0.0075306
0.0061463
0.014426
0.0086347
0.017505
0.0081303
0.014708
0.017509
0.017112
0.019343
0.021589
0.0062757
0.00051695
-3.7078e-05
-0.0082153
-0.0083842
-0.00042034
0.014929
0.012832
0.0090308
-0.007112
-0.0018558
0.0053016
-0.0029836
-0.0090643
-0.012445
-0.00917
-0.005145
-0.0035296
0.002219
-0.0078137
-0.004038
-0.017809
-0.011684
-0.005218
0.0040282
-0.010728
-0.011635
-0.0084005
0.0081381
0.0032599
-0.0083409
-0.0061331
-0.0041532
0.0038396
-0.0017373
-0.018432
-0.0080656
-0.0040859
-0.012812
-0.01691
-0.005696
-0.016452
-0.016038
-0.014903
-0.0043852
0.027106
0.031238
0.009613
-0.0037972
0.0069639
0.017395
-0.0016231
0.0030761
0.005306
-0.0040317
0.0084556
-0.0042252
-0.010546
-0.0026521
-0.0090135
-0.0011166
0.0098361
0.019559
0.0015725
-0.0082168
0.00018716
0.0052752
0.00159
0.0052789
0.0073174
0.00042193
-0.0065817
-0.0020456
0.011307
0.0071346
0.030241
0.038413
0.033381
0.022411
0.012758
-0.0056402
-0.0021657
0.0154
0.0022831
0.0025975
-0.0067235
3.6951e-06
-0.0041152
-0.0093378
-0.003329
-0.015393
-0.017248
3.8314e-05
0.0080432
-0.012516
-0.01677
-0.00086369
-0.0162
-0.029393
-0.015747
-0.010551
0.0065113
0.019679
0.019633
0.018677
0.0053651
-0.002233
-0.016596
-0.010466
0.0054493
-0.0030429
-0.019186
-0.016082
-0.019268
-0.01419
-0.0019409
-0.00070259
-0.011246
-0.015751
0.0007191
-0.014092
-0.00049869
-0.0062728
-0.016148
-0.021098
-0.023221
-0.015631
-0.025258
-0.022568
-0.037993
-0.021175
-0.016428
-0.0106
-0.02287
0.0030917
0.02593
0.031731
0.040288
0.04128
0.04122
0.03219
0.041607
0.039726
0.040592
0.03827
0.031024
0.034346
0.044164
0.031181
0.025511
0.019934
0.017079
0.0071905
0.012301
0.011332
0.016636
0.0055158
-0.0048856
-0.016188
-0.019574
-0.027113
-0.038306
-0.03363
-0.03829
-0.012113
-0.013445
-0.013631
-0.022143
-0.024435
-0.013812
-0.014751
-0.022021
-0.031861
-0.024391
-0.021906
-0.038422
-0.01766
-0.020253
-0.0068927
0.0060562
0.020901
0.024545
0.029674
0.0096255
0.018774
0.0099484
0.0005569
0.013202
0.014854
-0.00037228
-0.015471
-0.023448
-0.023625
-0.019971
-0.0082882
0.016822
0.0083365
0.0012244
-0.011455
-0.0055541
0.0065305
0.0014529
0.0083753
0.019877
0.017887
0.011148
0.016031
0.0012776
0.0019399
0.007624
0.0042069
-0.0061365
0.010869
0.020699
0.010424
0.0081938
0.0021483
0.012339
0.013854
0.0039464
-0.0012552
-0.00066042
0.004631
0.0071729
0.0058107
-0.0031575
-0.0031091
-0.027014
-0.024759
-0.017217
-0.015585
-0.021039
-0.018041
-0.013096
-0.018314
-0.0279
-0.020312
-0.00067201
0.013716
0.01788
0.013608
0.019928
0.00031974
0.0080334
0.0097133
0.016386
0.022782
0.024012
0.020531
0.0075717
-0.0070182
-0.001708
0.0061026
0.010577
-0.0010405
0.0051236
0.0021554
-0.0060043
-0.01063
-0.013775
-0.0029373
-0.0062347
0.0037423
0.0091529
-0.0018036
-0.0018734
-0.012808
-0.021349
-0.013189
-0.01309
-0.0070537
-0.0082244
-0.00037516
0.0052325
0.00054943
-0.00064128
-0.00068334
0.0018107
-0.0027643
-0.012536
-0.0034184
-0.0060487
-0.016882
-0.035382
-0.040366
-0.039224
-0.046512
-0.046823
-0.033839
-0.013742
-0.011529
-0.0075026
-0.0073058
0.004402
0.0051583
-0.005136
-0.0094871
-0.00091199
0.010459
0.012752
0.01019
-0.0022334
0.0052589
0.01141
0.0065225
0.0055263
0.0013994
0.011776
0.014586
0.010619
0.013775
0.013486
0.010187
0.011086
0.0031096
0.010193
0.005623
0.0047764
0.010199
0.011779
0.01263
0.0060118
0.012363
0.0061984
-0.0045668
0.0022283
-0.0022014
-0.0039831
-0.001496
-0.0049468
-0.0065775
0.00039822
0.0050853
0.013039
0.0087173
0.013123
-0.011065
-0.022848
-0.038942
-0.045619
-0.015068
-0.021825
-0.022481
-0.014805
-0.0093478
-0.002855
0.0038038
0.0012134
-0.0027121
0.011669
0.014626
0.020476
0.011522
0.0048948
0.015638
0.016279
0.014604
0.0028646
0.0084003
-0.00010773
-0.0066269
-0.012814
-0.0080588
-0.0068986
-0.0041683
-0.001766
-0.0087795
-0.0044705
-0.0012082
-0.002925
0.0026984
-0.0044094
-0.0017597
-0.00038634
-0.0069404
0.0054751
0.0048105
0.00022947
0.0025782
0.0017966
0.010631
0.0099351
0.0047029
-0.0017973
0.0003521
-0.0034726
-0.0024887
0.0065817
0.0039789
0.0056358
0.006074
0.0041169
0.0021425
0.0047711
0.0045705
0.0027564
0.0017332
-0.0019221
-0.0035264
-0.012942
-0.0068905
-0.0059092
0.001462
0.0043071
0.00090199
0.0089102
0.00477
0.0073758
0.0048711
0.0045784
-0.0064161
-0.0062754
-0.0036243
0.0035231
0.0070626
-0.0034499
-0.010943
0.00084018
0.00010726
-0.0047579
0.0062498
-0.00059338
6.323e-05
0.0013739
-0.00021999
0.0068004
0.0076971
0.0051065
-0.0025582
0.0017571
-0.0020318
0.001241
0.0054794
-0.0064185
-0.0041167
0.0049848
-0.0079743
-0.017248
-0.030677
-0.033202
-0.029159
-0.020783
-0.014726
-0.0083323
0.00081247
0.0010469
-0.0039335
0.0048861
0.0074962
0.010807
0.011008
0.0080809
0.0065016
0.012974
0.0090307
0.0047776
0.0054525
0.010522
0.009154
0.0088106
0.011268
0.012209
0.0080194
0.0076445
0.0068895
0.0051461
0.011389
0.0005156
-0.00031547
-0.0025906
-0.020748
-0.0097209
-0.005266
-0.001659
0.0041505
0.0037879
-0.0028457
0.013692
0.016488
0.011635
0.010605
0.003017
-0.002027
-0.019755
-0.014812
0.00043877
0.0019565
0.004811
-0.00089139
-0.002484
0.0056039
0.0035378
-0.010309
-0.020976
-0.030754
-0.034607
-0.0034021
0.0037903
0.017301
0.023513
0.011557
-0.0033734
-0.015868
-0.026746
-0.030335
-0.0030385
-0.00068796
0.012156
0.020123
0.016316
0.027168
0.026219
0.020491
0.015227
0.0080049
0.015058
0.016439
3.5738e-05
-0.0034176
0.0026287
-0.0085029
-0.014217
-0.019133
-0.021042
-0.027727
-0.021079
-0.018338
-0.006085
0.0027702
-0.0019855
-0.010345
-0.010627
-0.018681
-0.014855
0.013388
0.030022
0.018985
0.0070381
0.0016051
0.0075689
0.0035967
-0.0058611
-0.00065833
-0.013724
-0.014079
-0.015072
-0.0086371
-0.0063707
-0.015839
-0.012402
0.0016007
0.011637
0.0037953
0.010061
-0.0017421
-0.0067183
-0.010235
0.025819
0.038789
0.03459
0.019793
0.014929
0.0084859
-0.00089562
-0.011604
0.017269
0.0068827
0.0064897
0.015149
0.0020922
0.0024554
-0.0015401
-0.0083178
-0.0045606
0.013337
0.0050574
0.0034909
-0.0087906
-0.011521
-0.0071213
-0.012468
0.013087
0.0051106
-0.0087449
-0.0062119
0.0075684
-8.1147e-05
-0.012517
-0.0050785
-0.013969
0.0086736
0.0082859
-0.0059214
-0.01379
-0.018388
-0.02301
-0.024259
-0.024531
-0.025257
-0.002144
-0.016618
-0.006378
0.0033138
-0.0060587
-0.00066328
0.025586
0.042101
0.01902
0.011906
-0.00023675
-0.0089309
-0.0063382
-0.0045741
-0.0094345
-0.013344
-0.010207
-0.0059275
0.00637
0.008929
0.0080184
0.00052378
0.01449
0.025983
0.021246
0.022475
0.018246
0.0073356
0.01317
0.012961
0.0014267
0.00297
-0.0044095
-0.017758
-0.017507
-0.00091625
-0.016487
-0.01413
-0.013621
-0.015604
-0.014149
-0.016263
-0.011862
-0.0024058
0.00081102
-0.02011
-0.0058971
-0.0064639
-0.013752
-0.0068995
-0.0019482
0.012272
0.012172
0.017243
0.014536
0.023168
0.010008
0.017434
0.021578
0.0037456
0.005806
0.00078781
0.0055331
0.0078882
-0.0035568
-0.0010788
-0.011594
0.0009355
0.010006
0.0019066
0.0009719
-0.0018972
-0.0054127
0.0019167
0.016007
0.010341
0.01089
0.0037592
-0.0083093
-0.0039334
0.001524
0.011078
0.011336
-0.00048932
0.0024658
-0.006891
0.0018914
0.014575
0.0097382
-0.00098339
-0.010161
-0.022755
-0.023912
-0.031822
-0.038412
-0.041963
-0.042767
-0.0071942
0.0069744
0.012995
0.0094844
0.0012032
-0.0054551
0.0026402
-0.0013405
-0.0052201
-0.0085153
-0.002885
0.0023573
0.0064079
0.0050747
0.017458
0.027753
0.013003
0.018033
0.018395
0.01231
0.00021287
-0.013227
-0.013948
-0.015629
-0.013904
0.010857
0.020558
0.018966
0.018742
0.018535
0.0085124
0.0088104
0.0056847
0.003222
-0.0057034
-0.0055168
-0.014376
-0.017846
-0.010408
-0.027127
-0.028627
-0.01608
-0.012129
-0.020362
-0.0059023
-0.0086449
-0.00029282
0.0013592
0.0054782
0.010341
0.004872
0.0018733
0.0023122
0.0074893
0.015119
0.011953
0.015171
0.00768
0.0060158
0.014001
0.013262
0.016299
0.0066943
0.00060081
0.0071271
0.010664
0.0067472
0.012873
-0.00034408
0.0053388
0.0029703
0.012027
0.0015596
0.0033459
-0.0044673
-0.00089032
-0.0066948
-0.010517
-0.0058394
-0.00053853
-0.0023887
-0.0096881
-0.0040433
-0.0032149
0.00026956
-0.00028917
0.0020709
0.0018126
-0.014958
-0.026002
-0.016235
-0.010196
-0.0099218
-0.024722
-0.024056
-0.019888
-0.018295
-0.013049
-0.0074772
-0.00076892
0.0016419
0.0099192
0.0017795
-0.0020842
0.001722
0.00089882
-0.0027099
0.0029448
0.011456
-0.00095061
0.0090391
0.011943
0.0056549
0.0071994
-0.0059408
0.00085838
0.0086239
0.0068803
0.0055922
-0.004427
-0.00067027
0.0021974
-0.0038765
0.0043186
0.0091647
0.0039943
0.010848
0.017613
0.015664
0.0046826
0.010125
0.015088
0.013641
0.0065577
0.0057184
0.014538
0.020858
0.018986
0.0023699
-0.00077487
0.0021775
0.0034313
0.0062355
0.0062923
0.0010166
0.0010365
0.014134
0.023386
0.0062108
0.0038867
0.0016708
0.0010384
0.0048737
-0.0062334
-0.018758
-0.024836
-0.020198
-0.027099
-0.013506
-0.017545
-0.025209
-0.022842
-0.013626
-0.01778
-0.031889
-0.026424
-0.042187
-0.044279
-0.017039
0.0050196
0.0040536
-0.007659
-0.0089051
-0.012688
-0.000994
0.0036101
0.0053328
0.0080459
0.011841
0.013883
0.0047087
-0.00069358
-0.0034043
-0.015536
-0.0010271
0.0055561
0.010592
0.017076
0.015568
0.013342
0.0045553
0.013421
0.012966
0.016388
0.015328
0.0090072
0.018969
0.022112
0.012537
0.0047356
0.0068519
0.014974
0.011229
0.010143
0.0088354
0.0023243
0.0061993
0.011118
-0.0012774
-0.0013614
0.0071541
0.0090764
0.0081408
0.0084488
0.00045439
0.011998
0.005954
-0.0017255
0.013594
0.0089427
0.0082834
-0.0052477
0.013538
0.011386
0.021204
0.0083379
0.0059618
-0.015063
-0.011844
-0.021255
-0.02877
-0.017098
-0.035242
-0.023036
-0.036101
-0.034562
-0.015196
-0.025293
-0.03613
-0.0096246
0.00056215
-8.5171e-05
-0.01346
0.0014733
0.0060911
0.0026791
-0.0077687
-0.012226
-0.019898
-0.025811
-0.0067625
-0.0099655
-0.010889
-0.015811
-0.025625
0.00014426
-0.0067143
-0.020315
-0.019677
-0.023689
-0.017698
0.019
0.020557
0.039016
0.051452
0.050108
0.041536
0.038824
0.03383
0.02229
0.033572
0.036114
0.025866
0.007981
-0.0012712
-2.2752e-05
-0.010052
-0.014034
-0.016662
0.0030759
-0.0055702
-0.013307
-0.0087845
-0.010021
-0.0040816
0.0062352
0.031594
0.027189
0.011712
0.012889
-0.0070694
-0.0007658
0.03042
0.034952
0.014898
0.0073001
-0.00064167
-0.0043455
-0.0088175
-0.0077717
-0.017592
-0.0065168
-0.009678
-0.0091298
-0.012706
-0.015066
-0.018358
-0.0059459
-0.0063076
-0.0091569
-0.0031599
0.0040694
-0.01024
-0.012606
-0.013927
-0.022258
-0.010856
-0.011033
-0.025617
-0.014213
-0.0053473
-0.0085205
-0.015503
-0.015261
-0.024227
-0.020266
-0.024885
0.002088
-0.0010033
-0.007742
0.00016137
-0.0025424
-0.015539
-0.019617
-0.025179
-0.027447
-0.033557
-0.033647
-0.027504
-0.010553
-0.010375
-6.2e-05
0.013345
0.036835
0.04967
0.056968
0.05387
0.054728
0.060938
0.06191
0.058428
0.057212
0.055615
0.053326
0.04635
0.030009
0.025519
0.025363
0.018281
-0.0015027
-0.0051887
-0.0024535
-0.011011
-0.022052
-0.017124
-0.024828
-0.027725
-0.031105
-0.04262
-0.031007
-0.026382
-0.035184
-0.036565
-0.011735
-0.020098
-0.020782
-0.030548
-0.024534
-0.026152
-0.011837
-0.019374
-0.014419
-0.01833
-0.015916
-0.013385
-0.014496
-0.00091281
0.029624
0.019574
0.0086681
0.0052357
0.0088674
0.016123
0.011682
-0.0024566
0.0014223
0.018081
0.0077443
-0.0037603
0.0092789
0.0080222
0.0099085
-0.006207
-0.0072181
0.00071024
0.0045631
-0.001922
0.0088953
0.010188
0.00052725
0.0044072
0.016236
0.019445
-0.0017418
-0.0094551
-0.020777
-0.017652
-0.019722
-0.0078957
0.004421
-0.0031412
-0.0057624
-0.004154
0.0091206
0.0071369
0.0076209
0.00029844
0.021025
0.015254
0.013424
0.0067943
0.0027385
0.0032469
0.0103
0.0094546
-0.00076157
0.0081562
0.018394
0.021231
0.01879
0.014479
0.014157
0.01149
0.0092774
-0.011946
-0.017531
-0.026982
-0.021153
-0.030916
-0.032891
-0.0053477
0.0017405
-0.00092767
0.0077185
0.0079779
0.0016451
-0.00076044
0.012801
0.00060442
0.0024405
-0.0029852
-0.004784
-0.0074256
-0.022323
-0.026326
-0.028631
-0.0052167
-0.0025643
-0.0066584
-0.0035812
0.011201
0.02507
0.01179
-0.0044243
0.00063533
0.005261
0.018597
0.017292
0.018068
0.005833
0.01121
0.015296
0.0019746
-0.018166
-0.031583
-0.038902
-0.028274
-0.018644
-0.012665
-0.0053472
-0.001098
-0.010087
-0.0024409
0.0014707
-0.005741
-0.0087128
0.002537
0.0022468
-0.00052612
-0.0024729
-0.011639
-0.0090718
-0.011156
-0.0053951
-0.00031858
0.0022538
0.0044873
0.0097434
0.015261
0.012088
0.0081976
0.007601
0.013732
0.0040987
0.01202
0.019767
0.021806
0.016928
0.010527
0.016281
0.020595
0.022242
0.018587
0.0063636
0.0068235
0.013457
0.0020043
0.016893
0.018589
0.015499
0.014132
0.011893
0.019372
0.011191
0.015905
0.0072385
-0.011191
-0.01556
-0.018564
-0.019026
-0.022733
-0.021081
-0.0078259
-0.0041262
-0.0067104
-0.013051
-0.022145
-0.032495
-0.02322
-0.011482
-0.021338
-0.028281
-0.012542
0.012662
0.0055033
-0.0024163
-0.00083055
-0.0056679
-0.0011262
-0.013914
-0.021242
-0.011288
-0.011584
-0.0054842
-0.0063269
-0.015643
-0.006896
0.016026
0.01195
0.00036944
-0.0086042
-0.011711
0.010962
0.00053472
-0.0063622
-0.01185
0.0028059
-0.006953
-0.013874
-0.0057856
-0.0074409
0.0033893
-0.0052193
-0.012148
-0.0075366
-0.011129
-0.013137
-0.00058753
-0.0037241
0.0023543
0.02387
0.035418
0.019984
0.029545
0.015641
0.038904
0.050322
0.046987
0.037834
0.019779
0.012969
0.0028455
-0.0070092
0.0092095
0.0056166
-0.002981
-0.0056083
-0.0057289
-0.010228
-0.011474
0.0060234
0.025421
0.0076487
0.0049451
-0.0041951
-0.0095981
-0.0101
0.0073021
-0.002992
-0.0070928
-0.012906
-0.010251
-0.01596
-0.01537
-0.010877
-0.019028
-0.018364
-0.0026861
0.02618
0.025024
0.010597
0.0075912
-0.0083249
-0.014738
-0.013938
-0.015982
-0.01335
-0.013127
0.0045269
0.016282
0.04743
0.037445
0.010314
0.0031755
0.0089629
-0.0038066
-0.0066624
-0.018171
-0.010269
-0.014831
-0.013385
-0.016531
-0.022804
-0.019495
-0.022932
-0.029726
-0.022439
0.0023007
-0.0068264
-0.0037347
-0.0063519
-0.023677
-0.028713
-0.027031
-0.020766
-0.028117
-0.032259
-0.031096
-0.032587
-0.029395
-0.0067049
0.007987
0.021096
0.020938
0.031773
0.011047
0.0096391
-0.010649
-0.013147
-0.015903
-0.020115
-0.015146
0.011258
0.023906
0.042869
0.059606
0.05805
0.068358
0.064882
0.059578
0.062552
0.053412
0.053677
0.045793
0.036701
0.028261
0.019576
0.0027339
-0.0022332
-0.0026015
-0.011087
-0.011183
-0.016991
-0.014591
-0.024206
-0.014222
-0.0089452
-0.014874
-0.0071861
-0.014018
-0.020536
-0.024735
-0.02187
-0.021584
-0.024854
-0.021536
-0.023041
-0.014039
-0.0093655
-0.020133
-0.019759
-0.015957
-0.014245
-0.0057437
-0.0030133
-0.010187
-0.0011075
-0.0034831
-0.012505
-0.014313
-3.4552e-05
-0.010124
-0.011249
-0.011069
-0.01167
-0.0074067
-0.011884
-0.01015
-0.0091212
-0.0065873
-0.0016854
-0.0058662
-0.0080918
-0.009329
-0.0062299
-0.0073102
-0.0065452
-0.016182
0.0021756
0.012761
0.0050489
0.016016
0.015678
0.018418
0.02618
0.02171
0.0031149
0.0029184
0.010833
-0.0020056
0.0050845
0.010685
0.00085074
0.0021998
0.0034301
-0.0029117
0.020928
0.037772
0.034
0.027942
0.015514
0.033377
0.032697
0.031022
0.014081
0.01162
0.0038417
-0.0045382
0.0064227
0.0021172
0.0041303
-0.0024204
-0.004517
-0.013822
-0.010252
-0.0075112
-0.012956
-0.0061525
-0.013475
-0.012961
-0.018297
-0.015785
-0.016414
-0.02042
-0.0073227
-0.0052839
-0.0040551
-0.0038444
-0.0047108
-0.011678
-0.0090601
-0.020286
-0.00043475
-0.0043208
-0.010769
-0.011343
-0.010701
-0.0073192
-0.010015
-0.00971
0.0015399
-0.0042309
-0.0047247
-0.0064564
-0.0088652
-0.0052683
-0.0092239
-0.0093266
-0.0083771
-0.0058788
-0.0020643
-0.0076388
-0.005913
-0.0019291
0.0049936
0.016963
0.026055
0.023355
0.011464
0.0092111
0.020142
0.016882
0.029411
0.023148
0.017258
0.012277
0.0033939
0.0043431
0.0024624
0.0052956
0.0052949
-0.0074478
0.0053406
-0.0010591
-0.004421
-0.00089013
-0.0034071
0.0045158
-0.0056361
-0.0073589
-0.0046714
-0.0026557
-0.003923
-0.0012561
-0.0045291
-0.0099288
0.026195
0.02625
0.0089359
0.0047295
0.0010428
0.003345
0.0084409
-0.00015982
-0.0021264
-0.0036593
-0.010886
-0.0007363
-0.010935
-0.010087
-0.0079124
-0.014683
-0.014032
-0.0072562
-0.0064889
-0.0092005
-0.0069966
-0.0044668
-0.00199
-0.0023726
-0.01039
-0.0018803
-0.01466
-0.0078962
-0.019535
-0.018776
-0.0061015
-0.0070116
-0.0058531
-0.010585
-0.012568
0.001865
-0.0088165
0.0052076
0.0047604
0.008108
-0.00062343
-0.0018944
-0.0080636
-0.0068697
-0.013152
-0.013546
0.00031336
0.012286
-6.9633e-05
-0.008687
-0.0029165
0.0025507
-0.0033309
0.02365
0.047991
0.057263
0.057468
0.035925
0.024694
0.017721
0.0065517
0.0082085
-0.0022921
-0.00045097
-0.00069939
-0.0088132
-0.0081058
-0.013963
-0.00045927
0.01392
0.023999
0.031719
0.016501
0.0038311
-0.00010955
0.0035695
0.0014462
-0.011973
-0.006996
-0.0095185
-0.012459
-0.012354
-0.011654
-0.0092423
-0.00208
-0.014399
-0.01693
-0.016256
-0.014876
-0.011225
-0.017721
-0.012448
-0.0090178
-0.012665
-0.012045
-0.0048316
-0.0093574
-0.0026871
0.012534
-0.0018854
0.0036708
-0.0055989
-0.0025133
-0.0024126
-0.0032205
-0.00083038
-0.0026646
-0.0080274
-0.0039315
-0.0054905
-0.0097332
-0.0089429
-0.011822
-0.010599
-0.010898
-0.016037
-0.0062838
-0.0058678
-0.0045277
-0.012626
-0.010401
-0.0049768
-0.0088629
-0.012329
0.00096975
-0.0025037
-0.0026971
0.020184
0.018126
0.017444
0.027928
0.035045
0.060804
0.050156
0.034627
0.035566
0.027239
0.019434
0.013246
0.006936
0.0030104
0.0037558
0.0067709
0.0017533
0.0010427
-0.00936
-0.00084383
-0.012467
-0.011913
-0.0082531
0.0084065
0.0058772
0.0047417
-0.0037791
0.0047433
-0.0077953
-0.012787
-0.012489
-0.0040996
-0.0072232
-0.0040014
-0.007027
-0.0059275
-0.014369
-0.010785
-0.015374
-0.0067621
-0.016413
-0.020228
-0.017436
-0.021724
-0.014689
-0.011708
-0.024817
-0.0090989
-0.014889
0.004898
-0.0042379
-0.010044
-0.011811
-0.0046658
-0.01361
-0.011034
-0.0087941
-0.01608
-0.016759
0.0012029
0.0070124
0.0078972
0.00061252
-0.0090299
-0.012447
-0.013774
-0.0078475
0.017681
0.035921
0.057104
0.065518
0.069224
0.055238
0.038125
0.032476
0.014564
0.012788
0.015136
0.0030826
0.0053276
-0.0056022
-0.0020937
0.00029244
-0.0065776
-0.013358
-0.0077651
-0.0082953
-0.010868
-0.012874
-0.010129
-0.01095
-0.014465
-0.0093717
-0.013658
-0.015843
-0.0073506
-0.013059
-0.012494
-0.018245
-0.015021
-0.0051546
-0.0075217
-0.0092521
-0.013535
-0.014907
-0.011733
-0.0054072
-0.0099302
-0.013784
-0.0072703
-0.0063072
0.018329
0.0071361
0.0080719
0.006708
0.0059764
0.00076741
-0.0014932
0.0013689
0.0020648
-0.0013337
0.0042383
-0.0019924
-0.0087682
-0.00175
-0.0032506
-0.0039358
-0.00014349
-0.0039006
0.00096033
-0.003585
0.00078231
-0.0054174
0.0020227
0.025526
0.022313
0.013682
0.026697
0.032895
0.024961
0.025143
0.01017
0.0098031
0.012341
0.02231
0.012687
0.011604
0.007557
0.0070346
-0.00686
-0.0010232
-0.0019154
-0.0010197
-0.0043631
-0.0060835
-0.010101
-0.0072377
-0.0022797
-0.012079
-0.013592
-0.014274
-0.0088925
-0.0094192
-0.021217
-0.016901
-0.018006
-0.022921
-0.016312
-0.019156
-0.018297
-0.010683
-0.0090451
-0.00012489
-0.010129
-0.010857
-0.0080831
-0.011986
-0.006645
0.002837
0.0082443
0.00077648
-0.009944
-0.0082229
0.017956
0.0076638
0.0078473
0.0095405
0.010759
0.012212
0.0095967
0.010039
0.010473
0.01062
0.0096277
0.0063045
-0.009561
-0.0050533
-0.0082774
-0.0067275
0.010918
0.022002
0.01712
0.016302
0.016865
0.010728
0.01052
0.0040568
0.01156
0.0067601
-0.003306
-0.0029774
-0.014584
-0.024842
-0.027939
-0.0059069
-0.0067876
-0.0014523
0.0035582
0.0059977
-0.0053974
-0.0070376
-0.0091545
-0.010779
9.3485e-05
-0.0075643
-0.0042885
0.00035449
0.0071958
0.0065554
0.012709
0.010134
0.011039
0.0027981
-0.0075079
9.3584e-05
-0.0020615
-0.0007033
-0.0032622
-0.010188
-0.019784
-0.010738
-0.0026642
0.0049732
0.013141
0.0028499
0.011335
0.0020441
0.0015013
0.0041104
0.00074538
-0.0024855
0.0059406
0.0045653
0.0075754
0.0091508
0.012699
0.017892
0.012674
0.0059188
0.014434
0.011963
0.018502
0.012373
0.013589
-0.00063994
-0.011376
-0.019755
-0.003383
-0.0014327
0.00058017
-0.0057885
0.0024524
0.0011356
-0.001913
-0.0069158
-0.0098011
-0.013699
-0.015751
-0.020946
-0.024608
-0.0047416
-0.003992
-0.0061199
-0.016381
-0.013329
-0.01222
-0.015894
-0.014072
-0.011722
-0.0072794
-0.0093455
-0.020937
-0.01543
-0.011422
-0.0067856
-0.00043149
-0.0046993
-0.0095665
0.0011584
0.0029188
0.0030641
0.0091849
0.0055895
0.007118
0.0078169
0.0068864
0.0085109
0.0011097
0.0010402
-0.0013519
-0.0053816
0.0032998
0.0081984
0.011449
0.020402
0.017522
0.015953
0.019222
0.004388
0.021953
0.015382
0.0054788
0.023207
0.025277
0.017732
0.022727
0.014205
0.0066408
0.0098808
0.01806
0.010484
0.010608
0.011922
0.005176
-0.0058448
-0.0014526
-0.015503
-0.0090729
-0.0068399
-0.012038
-0.0064661
-0.0060369
0.00057755
0.0006278
0.0054439
-0.0035445
-0.012609
-0.016952
-0.022678
-0.031865
-0.02494
-0.015573
-0.0074856
-0.0067128
-0.017246
-0.021253
-0.020929
-0.02408
-0.022332
-0.014707
-0.0081673
-0.0094311
0.0038167
0.022421
0.028147
0.030945
0.021238
0.0075973
0.0065827
0.0041908
0.023595
0.013663
0.0080232
0.00061772
-0.0056698
-0.0040928
-0.0092692
0.00012198
-0.0028938
0.0078435
-0.0062972
-0.006243
-0.011318
-0.0095152
-0.0010393
-0.0057053
0.0042868
0.011499
0.0022903
-0.0024835
0.0044794
0.0015854
-0.0010982
-0.0089761
-0.01004
-0.0020696
-0.007449
-0.0087343
-0.010287
-0.015197
-0.010906
-0.018712
-0.011873
-0.0061872
0.0087496
0.0053036
0.014503
0.013495
0.022305
0.0215
0.0098078
0.006367
0.0041438
-0.0058723
-0.004679
0.0010237
-0.0095892
0.0045722
0.017519
0.013591
0.014544
-0.0091826
0.0022716
-0.0043714
-0.0070251
-0.004054
-0.0099671
-0.011923
0.008238
0.0079202
0.011598
0.011012
0.014512
0.035045
0.033283
0.014781
0.012294
-0.0024752
0.0030422
-0.0024285
-0.00079075
-0.0033509
-0.00026744
0.00061731
-0.0099098
-0.0015101
-0.0090304
-0.0096736
-0.0093152
-0.0085158
-0.0087055
-0.01138
-0.0094366
-0.0027229
-0.011053
-0.0036536
-0.005644
-0.014747
-0.012234
-0.0089458
-0.0028959
-0.00821
-0.00645
-0.0094395
-0.0065599
-0.0035273
-0.01444
-0.0042344
-0.0071338
-0.0063032
-0.007926
-0.00052471
-0.009594
-0.0022329
-0.0037937
-0.0052255
-0.0021559
0.0018797
0.0044839
0.032256
0.03366
0.021432
0.016913
0.010401
0.0061219
0.013812
0.016824
0.011964
0.0031271
0.0056422
0.006568
0.010588
0.003235
-0.0025349
0.0020331
-0.003776
-0.0082984
-0.0081638
-0.007972
-0.0030454
-0.00346
-0.0054678
-0.0076298
-0.015182
-0.012614
-0.009425
-0.0048359
-0.008602
-0.011457
-0.018603
-0.0071472
-0.014773
-0.014036
-0.0068007
-0.015941
-0.0081715
-0.015362
-0.011766
-0.010297
0.010674
0.032539
0.0071972
0.010225
0.0070491
0.024089
0.037145
0.042201
0.031119
0.02183
0.014157
0.016271
0.0092969
0.0034142
0.0033086
-0.0048354
-0.0088099
-0.0012246
-0.00028571
-0.0076002
-0.0036836
-0.0016973
-0.0084218
-0.012881
-0.0095216
-0.0058706
-0.010445
-0.015485
-0.0069318
-0.016544
-0.0039967
-0.0085417
-0.0027085
-0.0034788
-0.0054152
-0.010805
-0.015656
-0.010473
-0.012917
-0.01067
-0.0042664
0.0022901
0.00037784
0.0099935
0.0076956
0.009926
0.021669
0.023351
0.010304
0.0055148
0.014504
-0.00089272
0.0038258
0.0025531
-0.001623
-0.0025044
0.0014082
0.0020496
-0.0019825
-0.0042615
-7.6896e-05
-0.0061998
0.0038174
-0.00098727
-0.0047754
-0.00019636
0.0050279
0.00078795
0.0045498
-0.003185
-0.0038415
-0.0068571
-0.0025745
0.0032598
0.0066867
0.0078437
0.0002
0.0027677
0.0012814
0.0067749
-6.4617e-05
-0.0023581
-0.0050348
-0.011051
-0.0010106
-0.00038922
-0.0062462
-0.0021215
-0.0068833
0.0006691
-0.0087063
-0.0075532
-0.0048199
-0.0078162
-0.0077624
-0.012134
-0.0085139
-0.0038442
-0.0068708
-0.0063685
-0.0031292
-0.0083848
-0.0097554
-0.0089676
-0.005229
0.0095753
0.0070543
0.0041182
0.009038
0.028254
0.042344
0.030071
0.016221
0.014698
0.011618
0.0073999
0.010158
-0.005122
-0.0097969
0.0016879
-0.002648
-0.0087655
-0.010546
0.0036577
0.012493
0.0071171
0.0014394
-0.0016059
-0.0046765
-0.0065448
-0.0093724
-0.0075574
-0.013018
-0.010453
-0.011822
-0.016721
-0.014854
-0.011639
-0.01512
-0.003344
0.014954
0.0046301
-0.0099797
-0.0033377
-0.0023836
-0.0045839
-0.0080278
-0.0035134
0.024143
0.019386
0.0097392
-0.004784
0.024314
0.022388
0.022628
0.006971
0.003057
0.01157
0.00051329
0.0010788
-0.0002102
-0.0015002
-0.0039984
-0.0026957
-0.0052127
-0.0061097
-0.0026553
-0.0041297
-0.0024307
-0.0084762
-0.0064298
-0.00894
-0.0056376
-0.0049084
-0.013231
-0.01273
0.00079233
-0.010161
-0.0073729
-7.5429e-05
-0.0030329
-0.0036103
-0.0094531
-0.012207
-0.0059469
-0.0017203
-0.0051962
-0.0033278
-0.0070704
-0.007094
-0.0040495
-0.002438
-0.011153
-0.0026877
0.0069151
-0.0019962
0.023368
0.015232
0.029605
0.032783
0.01532
0.010028
0.0044781
0.0042599
0.0016138
0.0070033
0.014352
0.015015
0.0094735
0.0048766
0.0030181
0.0029242
0.00036604
-0.0020936
-0.0027367
-0.0046006
0.0051455
-0.0065141
0.00058078
-0.0055307
-0.0054626
0.00011882
-0.010318
-0.0090282
-0.0055708
-0.010671
-0.0087651
-0.0083611
-0.010883
-0.004051
-0.011427
-0.0093894
-0.014729
-0.0035786
0.014933
0.015359
0.0037657
-0.001567
0.002153
0.026948
0.015098
-0.00089852
0.0021988
0.0014208
-0.007039
0.00049462
-0.0050771
-0.011508
-0.010026
-0.0023598
-0.0019307
-0.0026955
0.0047488
-0.00022256
-0.0016093
0.00068901
0.010345
-9.6566e-05
0.0041888
0.0006515
-0.0036662
-0.0022088
-0.0074659
-0.0084288
-0.014432
-0.0036539
-0.009803
-0.0070535
-0.012818
-0.016865
-0.010406
-0.0057942
-0.0091955
-0.009501
-0.010977
-0.013523
-0.012222
-0.015311
-0.01548
-0.00023049
-0.0050852
-0.0049227
-0.00090232
-0.0057011
-0.0086932
-0.0009256
0.0029718
0.017926
0.020946
0.049437
0.028747
0.048938
0.052957
0.038755
0.030885
0.032837
0.032277
0.016737
0.013563
0.010502
0.0063216
0.0059162
-0.0015476
-0.00197
-0.0008141
-0.0002118
-0.0063332
0.01055
0.01236
-0.0033503
0.0025988
-0.010138
-0.010425
-0.0109
-0.010319
-0.0072184
-0.0092313
-0.014123
-0.012881
-0.010034
-0.012966
-0.018152
0.0127
0.01132
0.016811
0.0042171
0.0018737
-0.011541
-0.012923
-0.015969
-0.019473
-0.017897
-0.024782
-0.024041
-0.024422
-0.024449
-0.030589
-0.032943
-0.031927
-0.038028
-0.044404
-0.045136
-0.047204
-0.053841
-0.048025
-0.045716
-0.035342
-0.021553
0.0045179
0.04009
0.038182
0.035744
0.043929
0.04477
0.043314
0.037879
0.040902
0.034242
0.032348
0.02839
0.029403
0.027868
0.026727
0.017599
0.01939
0.024305
0.022643
0.016559
0.017612
0.032632
0.014994
-0.0076599
-0.011029
-0.025854
-0.0046786
0.0044812
0.0098768
0.01039
0.021792
0.016785
0.01899
0.017017
0.011272
0.018733
0.012478
0.0023868
0.0072757
0.003087
-0.0016587
-0.017687
-0.023515
-0.031827
-0.04079
-0.030809
-0.031332
-0.014024
-0.024941
-0.0065334
-0.007297
-0.0088578
0.0018424
0.010909
0.0054626
0.006671
-0.0002945
-0.013345
-0.016398
-0.02711
-0.02159
-0.016715
-0.021868
-0.033026
-0.020462
-0.034398
-0.033557
-0.029919
-0.012724
-0.00040521
0.0098045
0.017422
0.016089
0.014657
0.0074673
0.02591
0.028688
0.021955
0.023542
0.019299
0.0094588
0.0022214
-0.00061811
0.017882
0.017324
0.011926
-0.00031862
-0.013714
-0.0098006
-0.0053993
-0.0065502
0.0057425
0.020036
0.020289
0.014565
0.011105
-0.0054516
-0.0031396
-0.0012337
-0.0027447
-0.008438
-0.019123
-0.023618
-0.024501
0.0037967
0.0085342
0.0080809
0.0071305
0.010164
0.0060385
0.0028059
0.0049391
-0.006695
-0.0078496
-0.0088554
-0.008707
0.0033631
0.009234
0.0026156
0.0047814
0.0035196
-0.010117
-0.0058398
-0.00080976
0.003063
0.0049904
-0.0035264
-0.0092555
-0.012344
-0.016915
-0.0030297
0.008703
0.0063392
0.011112
0.0056857
0.0074294
0.0032244
0.0050836
0.00095929
0.00074032
0.012249
0.00010093
0.0062462
0.0074245
0.0025235
0.0065916
0.00013708
0.00051677
0.0050936
0.001895
0.0017081
0.0011415
0.0045773
0.01532
0.0010917
-0.0018904
-0.0020573
-0.0071585
0.0053477
-0.0020826
0.00398
-0.003273
-0.0033307
0.00052999
-0.0011037
-0.011526
-0.01347
-0.014434
-0.0012783
-0.01136
-0.010793
-0.016551
-0.019504
-0.012667
-0.0097925
0.014471
0.0099876
0.013551
0.0053085
0.016592
0.0012214
-0.0015637
-0.0010686
-0.0025682
-0.0054557
-0.0014309
-0.0082316
-0.011099
-0.013667
-0.00073836
-0.0083789
-0.0072794
-0.0092906
-0.0036409
0.0017976
-0.006149
0.00064347
0.006744
0.00044664
0.0052093
0.0056429
0.0020539
0.010236
0.017974
0.015933
0.0080617
0.0018217
-0.0024902
0.0069992
0.014084
0.014656
0.0062089
0.0017943
-0.00034197
-0.0034643
0.0029326
0.0026131
0.0011301
0.0051866
0.0070984
-0.0015217
0.016348
0.012485
0.0074264
-0.00073923
0.0081366
0.00046559
-0.0080844
-0.012312
-0.010959
-0.019654
-0.022197
-0.023403
-0.016621
-0.0054962
-0.0090189
-0.00062127
0.0047383
0.0093832
-0.002679
-0.010684
-0.018151
-0.0068297
-0.0080628
-0.010429
0.0059715
0.011828
0.0056791
0.0092797
0.013836
0.010002
0.008867
-0.0029123
0.00013323
-0.0025547
0.0064239
0.0012057
-0.0020879
-0.00066585
0.0017863
-0.0056886
-0.00015035
-0.0041828
-0.0029721
0.010444
0.00089874
-0.0021841
-0.0020531
-0.00123
-0.0023884
-0.0058355
-0.0010405
-0.0018814
-0.0058084
0.0036176
-0.0063365
-0.0028856
0.0082333
0.009656
-0.0019866
0.0017121
0.011937
0.019603
0.014681
0.0045716
0.0033444
0.0026966
0.0045357
0.013297
0.023366
0.024207
0.019702
0.019895
0.0039097
-0.0059734
-0.0013654
-0.0095056
-0.0072029
-0.0051965
0.0050995
0.0015655
-0.00011617
-0.0020362
-0.0042405
-0.014543
-0.015688
-0.013136
-0.022194
-0.025702
-0.011538
-0.0083044
-0.020153
-0.014122
-0.01571
-0.012283
-0.011819
0.003612
-0.012981
-0.013861
-0.0076523
-0.0086708
-0.0055538
-0.0056718
-0.0015392
-0.019733
-0.016509
-0.0028649
0.012751
0.015996
0.020776
0.019071
0.022617
0.021526
0.028066
0.016553
0.0056533
0.0063331
-0.00067492
-0.0051546
-0.0058089
-0.0020275
-0.0036276
0.0038337
0.0069288
0.0087503
0.015476
0.0052444
-0.001279
-0.0070086
-0.011436
-0.019746
-0.012333
0.0051416
-8.0218e-05
-0.012298
-0.0064622
-0.0050022
0.0054534
-0.0011028
-0.0037532
-0.0032831
-0.0081107
-0.0014704
0.0070178
-0.00031069
0.013946
0.011832
0.018809
0.0073102
0.011121
0.012309
0.01858
0.0208
0.014238
0.01332
0.0098851
0.0084446
0.0043913
-0.0027206
-0.0060114
0.0036076
-0.0027282
-0.0024784
0.0017695
0.0039912
-0.0011693
0.0061975
0.0020759
-0.00013126
-0.0029114
-0.014987
-0.015544
-0.021257
-0.02573
-0.024919
-0.021927
-0.023401
-0.025731
-0.0067038
0.0019635
-0.0027557
-0.0070032
-0.00026742
-0.0011104
-0.0016593
-0.0011344
0.00062605
0.0031534
0.0045689
0.0051318
-0.0077965
-0.004626
-0.011849
-0.0013263
0.00097696
0.018679
0.017155
0.01036
0.010677
0.0021754
0.008594
0.0059472
0.0045623
0.008882
0.0025887
-0.0062123
-0.0048871
-0.0042996
-0.0041966
0.00038079
-0.0039983
-0.016005
-0.010839
-0.00099922
0.015112
0.014106
-0.0010014
0.015365
0.024444
0.024515
0.024333
0.020185
0.013622
0.0068495
-0.0058212
-0.011092
-0.024811
-0.020904
-0.017903
-0.014486
-0.036223
-0.031005
-0.034387
-0.024971
-0.014368
-0.0058441
-0.0023453
0.014298
0.020732
0.022453
0.017015
0.017794
0.016479
0.017075
0.025822
0.013736
0.021899
0.020749
0.021091
0.02441
0.026634
0.018193
0.01241
0.015444
-0.0023422
-0.0040527
-0.016581
-0.027072
-0.044859
-0.040709
-0.038465
-0.031314
-0.022491
-0.023898
-0.01876
-0.015859
-0.013261
-0.0047635
-6.5959e-05
-0.0048261
-0.014604
-0.0029776
-0.0087913
-0.014387
-0.013165
0.0077068
0.0081771
0.0066073
0.0078551
0.017026
0.018283
0.019722
0.023393
0.021101
0.025734
0.016058
0.018812
0.017895
0.0085438
0.018511
0.012777
0.02248
0.016905
0.018825
0.015712
0.011853
0.009085
0.016293
0.018017
0.0056542
-0.0065395
-0.017928
-0.030383
-0.036292
-0.039386
-0.045763
-0.048384
-0.033117
-0.011169
-0.0017102
-0.0097008
-0.0041966
0.0043806
-0.003788
-0.0017894
-0.008003
-0.00097489
0.0010197
0.017638
0.019556
0.014716
0.012234
-0.0025626
0.008775
0.0060499
0.0064489
-0.0015947
0.0066784
-0.010231
-0.0014747
0.0043971
-0.00033649
-0.016449
-0.0058727
-0.0076166
-0.0064584
-0.0053698
-0.002001
-0.0016128
-0.0024816
0.0031758
0.0053084
0.0015359
0.0061789
-0.0081173
0.004576
-0.00037459
-0.0038001
0.0016993
-0.0026143
0.0064001
-0.010569
0.0010567
-0.00053787
0.0053204
-0.0021923
0.0054711
0.0022039
-0.0022502
-0.0081195
-0.013178
-0.00047696
0.0074696
0.008956
0.0024412
0.0013068
-0.00079122
0.017808
0.021929
0.033449
0.029505
0.025782
0.027964
0.027542
0.014989
0.020228
0.028205
0.023065
0.015619
0.00841
0.0050832
-0.011541
-0.01152
-0.023131
-0.018135
-0.015084
-0.020347
-0.024562
-0.035118
-0.047851
-0.036366
-0.041416
-0.039487
-0.043393
-0.03977
-0.024171
-0.0094767
-0.009131
0.0054133
0.0064327
0.015203
0.0013524
-0.009082
-0.0061466
0.012788
0.003856
0.0082991
0.0071909
-0.0017589
0.0053714
0.0029554
0.0062393
0.00081982
0.01809
-0.0044395
-0.00087436
-0.0073266
-0.0078155
0.016775
0.013806
0.014997
0.0054734
0.0094125
0.01138
0.0184
0.022371
0.019276
0.015568
0.018003
0.01744
0.024346
0.022468
0.023368
0.020806
0.020223
0.0143
0.013985
0.0039186
-0.0055621
-0.0097785
-0.01724
-0.013504
-0.0030776
0.011817
0.0065305
0.0044763
-0.0047729
-0.0093767
-0.020361
-0.037898
-0.021527
-0.0048479
-0.0050424
-0.014871
-0.02145
-0.012562
0.0023022
0.0042431
0.013445
0.0039242
-0.010327
-0.019883
-0.014286
-0.024904
-0.0095746
-0.012517
-0.03151
-0.024491
-0.010578
-0.010684
-0.0017664
-0.0085831
-0.016578
0.010444
0.0073824
0.016884
0.028705
0.028424
0.032431
0.021169
0.017166
0.0069155
0.0052594
-0.002179
-0.02001
-0.013448
0.0018419
0.0083646
0.0066766
0.0022471
-0.013231
-0.0155
-0.012643
-0.011557
0.002629
0.0010916
-0.0014975
-0.01129
-0.012565
-0.003373
0.0082821
0.01198
0.01738
0.0026896
0.010502
0.0032618
-0.004564
0.012792
0.014981
0.014659
0.017808
0.0078275
0.018093
0.0084526
0.010808
0.011649
-0.0022866
-0.00075932
-0.00158
0.0034206
0.0074485
-0.0069771
0.004842
0.0078748
-0.00066824
0.0026161
0.0029572
0.0063238
-0.0058373
-0.011135
-0.022213
-0.013971
-0.01112
-0.018316
-0.0246
-0.017429
-0.02106
-0.018969
-0.016035
-0.0046217
-0.0084508
-0.0071553
-0.014017
0.0012468
-0.0012162
-0.0084673
0.0027589
0.010793
0.010165
-0.011648
-0.016042
-0.017034
-0.017368
-0.0028345
-0.0051066
0.0096881
0.0089526
0.014435
0.016619
0.027585
0.024246
0.022928
0.017716
0.014105
0.015018
0.02468
0.02196
0.030156
0.024503
0.012073
0.011515
0.0046255
0.0056118
0.0055058
0.0017687
5.7412e-05
0.0024977
0.0015272
0.0015325
-0.010913
-0.0094118
-0.0070317
-0.013719
-0.0037504
-0.024014
-0.024099
-0.026836
-0.0099462
-0.013731
-0.023599
-0.025474
-0.01416
-0.019459
-0.017075
-0.013302
-0.009996
0.0079932
0.019697
0.029324
0.019661
0.0035605
0.0057736
0.022116
0.027759
0.028696
0.024884
0.0082322
-0.010939
-0.022618
-0.0089968
0.0082369
0.016007
0.0063076
0.0044518
-0.006816
-0.012087
-0.029165
-0.032847
-0.022947
-0.026061
-0.032264
-0.031353
-0.027769
-0.012291
-0.011918
-0.028416
-0.038301
-0.033574
-0.021785
-0.0019518
-0.0051868
0.0062088
0.0077127
0.023271
0.031977
0.023368
0.016525
0.024861
0.017892
0.025697
0.034084
0.030148
0.01759
0.018433
0.024244
0.02391
0.018961
0.01836
0.016057
0.02772
0.024279
0.027495
0.021552
0.02215
0.029182
0.019108
0.016121
0.00032467
-0.0049181
-0.021501
-0.028089
-0.038415
-0.017885
-0.0072441
-0.0053189
-0.0093381
-0.011509
-0.018152
-0.012246
-0.00052448
-0.005641
0.0012007
-0.0060195
0.0012977
-0.011787
-0.018475
-0.028561
-0.024405
-0.018781
-0.020448
-0.017942
-0.02542
-0.021935
-0.0093848
-0.016482
-0.019053
-0.0035683
0.00043218
0.014863
0.011168
0.0070557
0.00056827
-0.0050213
-0.0017537
-0.0017955
-0.01459
-0.0010067
0.0031765
0.013664
0.018089
0.019904
0.014113
0.0034366
0.0081705
0.0078841
-0.0042685
-0.010218
0.0054136
0.010093
0.021885
0.016925
0.017898
0.012126
0.0013397
-0.0082135
-0.013692
0.0046535
0.0082736
-0.00049267
-0.012835
-0.020458
-0.0017367
0.012183
0.00060314
-0.0062707
0.0097396
0.016379
0.017117
0.015996
0.0028248
0.0082084
0.007197
0.0088543
-0.0031043
-0.0046381
0.0050291
0.0026478
-0.00052077
-0.008361
-0.013095
-0.0006289
-0.013488
6.4842e-05
-0.0012321
-0.0071237
-0.0086474
-0.010268
-0.010284
-0.013871
-0.0025462
-0.009146
-0.0076509
-0.016997
-0.023341
-0.000629
0.0020035
0.00083908
0.010356
0.014089
0.0097443
0.026035
0.022308
0.0044022
-0.0055082
-0.01215
-0.013518
-0.005116
0.012322
0.010421
0.0088589
0.01151
0.00017208
0.0033439
-0.0003766
0.0046824
0.0021955
-0.0082228
-0.015088
-0.018081
-0.0068959
-0.00042567
-0.0026595
0.00020126
-0.01519
0.0055655
0.012143
0.021112
0.021423
0.0058942
-0.0044959
-0.0060599
-0.010649
-0.015111
-0.013485
-0.021752
-0.011496
0.0046677
-0.0025307
0.018615
0.015898
0.0036774
0.0063694
0.0067337
0.01763
-0.0029016
-0.0066675
0.0088674
0.0040702
-0.0019214
0.0075115
0.013756
0.010709
0.0070993
-0.00076739
0.0019462
0.011488
0.006365
-0.0017857
-0.012528
-0.015527
0.00053613
0.0015972
-0.0062076
-0.01409
-0.024138
-0.017208
-0.010433
-0.020634
0.0024229
0.00064816
-0.0031653
-0.011957
-0.0056137
-0.010539
-0.016781
0.0033855
0.0076763
0.0047768
0.015024
0.018843
0.010152
0.0074914
0.016587
0.00067314
-0.0077815
-0.024446
-0.024732
0.0036267
0.0034785
-0.011985
-0.020017
-0.030535
-0.013732
0.0024231
0.0065831
0.018382
0.011802
0.0054335
0.008519
0.0044204
0.004081
0.0038008
0.0053481
0.0063984
0.016744
0.031047
0.034179
0.034035
0.033668
0.010656
-0.0030839
-0.014201
0.00078373
-0.0084999
-0.011246
0.0018296
0.010269
0.0027246
-0.0052901
-0.0052639
0.0064355
0.014936
0.012322
-0.0054895
-0.0069084
-0.0187
-0.026958
-0.01919
-0.013091
-0.010247
0.0026802
0.0074103
0.00026897
-0.011968
0.00018536
-0.0095562
-0.0022511
0.0026702
0.0019484
-0.011138
0.0012346
0.0035928
0.0074253
0.0073812
0.0009263
-0.0030987
-0.0091524
-0.013824
-0.022572
-0.019599
-0.0047189
-8.5579e-05
-0.0012266
-0.0049187
0.012111
0.021198
0.016748
0.0088166
0.016769
0.0076826
0.0022673
-0.0041953
-0.0042753
0.0022461
0.012877
0.0027562
0.0014253
-0.0026072
-0.01861
-0.015631
-0.0081734
-0.016413
-0.017858
-0.0071785
-0.0085685
-0.0059639
-0.00029421
0.0077799
0.0086393
0.0079756
0.013544
0.0059102
0.0054203
-0.0064219
-0.012331
0.0010843
-0.0067784
-0.0011099
-0.0036053
0.0077912
0.0085077
0.014424
0.006003
0.013073
0.0023887
0.0033132
-0.0033363
0.007327
-0.0088731
-0.010765
-0.0042078
0.0026212
0.005748
0.0075545
0.01638
0.0063705
0.010386
0.0057081
0.0047892
-0.0052222
-0.0055667
-0.0035573
-0.006196
-0.0065797
-0.0055944
-0.0018195
0.00061039
0.00010483
-0.00097163
-0.0077439
0.0032988
0.0084548
0.0014973
0.0024304
0.004036
0.0037381
0.0021248
0.0060354
-0.00076697
-0.0082077
-0.0076968
-0.0034621
-0.0011511
0.0055906
-0.00072821
-0.010043
-0.0089106
-0.01456
-0.0025529
0.0083523
0.0076502
0.007614
-0.0036613
0.0011577
-0.0013303
0.0046762
0.001495
-0.0030133
-0.002606
-0.0065821
-0.0060611
-0.011805
-0.017338
-0.014592
-0.0047406
-0.010441
0.0066802
-0.0019057
-0.0051276
0.0052754
0.011102
0.01392
0.014582
0.022544
0.0097338
0.0096461
-0.0019495
-0.017654
-0.012842
-0.0029811
-0.004198
0.0041195
-0.00030923
0.011296
0.012761
0.0049729
-0.0083375
-0.0031707
-0.0058682
-0.0043413
0.0081194
0.014125
-0.005014
-0.02008
-0.0206
-0.028086
-0.04015
-0.040219
-0.045693
-0.02271
-0.015359
-0.01038
-0.00733
-0.0051077
0.0054527
-0.0067353
0.011898
-0.0068143
0.0012068
0.018359
0.019212
0.012678
0.017729
0.016004
0.014598
0.01091
0.011641
0.019426
0.011593
0.0095111
0.0065554
0.0081199
0.0042132
0.0009103
0.00021134
0.0036464
0.0088692
0.00059301
-0.0025929
0.00575
0.0097657
-0.0035409
-0.0004521
-0.0012762
0.00073283
0.010533
0.010465
-0.0057766
0.00012412
0.0064987
-0.00028254
0.009635
0.0013838
-0.0021396
0.0038367
0.0062559
-0.0039589
-0.0038861
-0.0019515
-0.0042238
-0.0058165
0.0031312
-0.0047845
-0.0037278
-0.015549
-0.0065449
-0.0022795
0.00097456
-0.0014193
-0.0050376
-0.010084
-0.011759
-0.006283
-0.0086288
-0.027574
-0.016465
-0.0099249
0.0019087
-0.0058193
-0.0024366
-0.0082904
-0.0092346
-0.0050969
-0.0035882
-0.0049131
-0.0041043
-0.0017574
9.6566e-05
0.0061358
0.0074266
0.0062925
0.004983
0.0064214
-0.00024879
0.0035521
7.0776e-07
0.002699
0.011522
0.010557
0.011355
0.0053249
0.0022469
0.00033812
0.0091263
0.0085972
-0.00022352
0.0095191
0.017678
0.012173
0.012662
0.008404
0.0029976
0.0065126
0.01472
0.010951
0.010632
-0.0030964
0.0023327
0.012513
0.019942
0.0048352
0.012837
0.015672
0.017662
0.0095163
0.001075
-0.0009203
-0.01389
-0.017578
-0.014714
-0.0097297
-0.012415
-0.023505
-0.029723
-0.016679
-0.024101
-0.017825
-0.013466
-0.0030584
0.0048273
-0.0051594
-0.012997
-0.010632
-0.020096
-0.016536
-0.025614
-0.014073
-0.014818
-0.013857
-0.015074
-0.022198
-0.016347
-0.028063
-0.02073
-0.0056718
0.002075
0.01784
0.023257
0.019069
0.015192
0.022685
0.035634
0.042947
0.036408
0.022498
0.017991
0.012099
-0.0028059
0.0053206
0.0052573
0.011295
0.011476
0.012106
0.012748
0.0034001
-0.0052405
-0.011069
0.0068036
0.0073163
0.017031
0.012362
0.0027134
-0.00046232
-0.012703
-0.01448
0.003799
-0.0028735
-9.3417e-05
-0.0033299
-0.0029223
-0.0063446
-0.028298
-0.015738
0.012499
0.0075099
0.0057771
-0.0040219
0.0017621
0.0089506
0.0015012
-0.0013164
0.0044473
-0.0046572
-0.011331
-0.020798
-0.019711
-0.024037
-0.023421
-0.011344
-0.024355
0.0047745
0.014077
0.0083519
-0.010381
0.0042831
-0.012747
-0.016291
0.0087092
0.0071771
-0.0068807
-0.0018825
0.012056
0.003923
-0.0031982
-0.0052558
0.026144
0.021569
0.016825
0.0073909
0.0035102
-0.003191
-0.00069641
0.0083301
0.007879
-0.0014036
-0.0088547
-0.012388
0.0043094
-0.0046818
0.00034319
-0.0070221
-0.017261
-0.015936
-0.022463
-0.00022109
0.0059879
0.023582
0.014486
-0.0028197
-0.0014974
0.026976
0.025646
0.018537
0.014471
0.0048773
-0.005156
0.0054256
0.0097398
0.0010085
-0.0049088
0.024933
0.030072
0.016715
0.013203
-0.0036876
-0.00021676
-0.015607
-0.0099882
-0.023085
-0.022921
-0.030331
-0.020451
-0.027803
0.00012397
0.002486
-0.00026994
-0.0088326
-0.008568
-0.018157
-0.022086
-0.0050582
0.015835
0.0048022
-0.004238
-0.010788
0.0052622
-0.0027637
-0.014068
-0.011714
-0.024765
-0.029756
-0.030128
-0.028301
-0.014793
0.0099935
0.016549
0.0056372
0.014506
0.012089
0.0040356
0.031312
0.049759
0.034454
0.033672
0.020061
0.016179
0.021354
0.0055156
0.0019929
-0.013819
-0.00935
-0.004217
0.00552
0.021477
0.021085
0.017121
0.014544
0.0028039
0.0052727
0.012774
-0.0065497
-0.01778
-0.0085614
-0.025789
-0.027731
-0.024512
-0.0099179
0.0060827
0.0070869
0.0025129
-0.00042352
-0.013124
-0.022774
-0.020111
-0.017242
0.0095215
0.0090701
0.0078091
0.0074035
-0.0054544
0.0051237
0.0054268
0.0093745
0.0084289
-0.0053427
-0.01344
-0.012577
-0.017593
-0.0052265
0.00096372
0.0048136
0.0064742
0.0095296
0.0020152
-0.0098773
-0.0025532
-0.006936
-0.013335
0.0035502
0.022224
0.021232
0.010489
0.0021909
-0.011258
-0.015575
-0.010723
0.01016
0.0052777
-0.00075388
-0.0077718
-0.0081648
-0.011826
-0.007869
-0.0014594
-0.0087565
-0.013664
-0.011428
0.015774
0.019139
0.027938
0.021762
0.017944
0.0098613
0.00056159
-0.0047188
-0.0015018
-0.014163
-0.012727
-0.010604
-0.023553
-0.018937
-0.0057665
0.0055769
0.016541
0.0043314
0.008922
0.0066084
-0.0061899
-0.0021863
0.018981
0.00034549
0.012483
0.011979
-0.00075157
-0.007235
0.0025366
-0.0054916
-0.0039255
-0.015706
-0.025933
-0.011113
-0.012905
0.015192
0.015161
0.013383
0.002355
0.0094481
0.0082883
0.0039303
0.0068927
0.018718
0.0070395
0.017386
0.0039625
-0.0087496
-0.0087682
0.0020385
0.016532
0.0069704
-0.004925
0.0073385
0.010714
0.0043221
-0.0004478
0.00099363
-0.0015942
-0.012498
-0.010182
-0.0089497
-0.011611
-0.0089139
0.015143
0.00055101
-0.021745
-0.024279
-0.02449
-0.00028279
0.012047
0.020668
0.018911
0.0065566
0.002438
-0.016619
-0.010743
-0.018909
-0.029749
-0.02309
-0.024529
-0.014821
-0.0063506
0.0066392
0.0010922
0.0054823
-0.0045952
0.0052851
-0.0072271
0.0064382
0.013317
0.016701
0.0095857
-0.00013868
-0.00097781
-0.0022087
0.0015772
-0.012479
-0.010836
-0.0022647
-0.013885
-0.0047835
-0.01633
-0.022228
-0.0027087
-0.005498
0.0096573
0.0082623
0.0092184
0.010137
0.0016352
0.00059318
0.016256
0.026185
0.035252
0.042366
0.032119
0.027244
0.037422
0.026364
0.0013368
-0.0021719
-0.0060148
0.0028816
0.021013
0.017789
0.017558
0.0069343
-0.00049653
0.0065299
-0.0023346
-0.0054108
-0.0069088
-0.013565
-0.010095
-0.010228
-0.018972
-0.019058
-0.02527
-0.024132
-0.020113
-0.007567
-0.010103
-0.0074936
-0.0068885
-0.013631
-0.015469
-0.015614
-0.011436
-0.01229
-0.013564
-0.0082965
-0.00043964
0.0015733
-0.0039347
-0.0073027
-0.0025045
0.014359
-0.00046097
-0.0010765
0.0037285
0.004391
-3.9788e-05
-0.0053835
0.00014633
0.016223
0.015038
0.0081244
-0.0051085
-0.011273
0.00042756
-0.0089787
-0.0017791
-0.0015566
-0.00092137
-0.0061109
-0.0091646
0.0092485
-0.0054213
-0.0039617
-0.0068349
-0.0089045
-0.0091061
0.0056174
0.010326
0.0066188
-0.003856
0.0084018
0.0077001
0.014299
0.0085836
0.021984
0.014809
0.014629
0.0087697
0.011189
0.016128
0.010623
0.0040474
-0.00042106
0.0036622
0.005849
-0.0021719
-0.0061342
-0.0063988
0.011268
0.01072
-0.0032785
0.002771
0.0014518
-0.0094599
-0.0050295
-0.019959
-0.020643
-0.014355
0.002241
0.0092865
0.019278
0.012964
0.0099253
0.0041556
-0.0038928
-0.0038952
0.0029057
-0.00042355
0.011876
0.0053038
-0.010416
-0.014474
-0.013552
-0.0078619
0.00022838
-0.0029045
-0.010283
0.0023848
-0.0085031
-0.0032185
-0.0093783
-0.0029662
-0.016735
-0.016548
-0.014914
-0.0039209
0.0011538
-0.0061158
0.0019565
-0.0030222
0.009063
0.0069044
0.012396
0.0045877
0.0055989
0.0054287
0.0019696
0.0020507
0.0083032
-0.0007217
-0.006684
-0.0085824
-0.0045153
-0.014292
-0.010669
0.0040367
0.00033401
0.0055171
0.020522
0.024388
0.020878
0.013489
-0.0087862
-0.028957
-0.023378
-0.039665
-0.019811
-0.0035697
-0.0011597
0.012006
0.016301
0.013505
0.011885
0.021032
0.010456
0.0084797
0.012172
0.02067
0.0066717
0.014896
0.016878
0.010781
-0.0085557
-0.019612
-0.031531
-0.041659
-0.037331
-0.034796
-0.010447
-0.0005642
0.0075292
0.0038307
0.015976
0.013598
0.012748
0.018864
0.014065
0.012595
0.018865
0.016472
0.014464
0.010056
0.010718
0.012003
0.018975
0.014938
0.011095
0.0049019
-0.0038335
0.0108
0.0046474
-0.0096473
-0.02088
-0.0072512
0.003132
0.0048975
-0.0056537
-0.0067277
-0.010418
-0.017609
-0.024926
-0.029227
-0.034479
-0.029965
-0.029698
-0.025811
-0.015227
-0.0061379
-0.004987
-0.0031444
-0.00025689
-0.0035216
0.0076425
0.0086009
0.0023782
0.0023608
0.0091191
0.008918
0.0069919
0.012129
0.0063642
0.0031
0.0067765
-0.00020171
0.00093595
0.010274
0.0044695
0.0016861
0.0038247
0.0085259
0.0042841
0.0027756
0.0069482
0.0073366
0.0093533
0.010566
0.014835
0.0035395
-0.0046471
-0.008292
-0.0065268
0.0021306
-0.0079038
-0.0077379
-0.012182
-0.0080695
-0.021075
-0.0026348
0.00070911
-0.0037687
-0.0053006
0.012376
0.021276
0.013666
0.01969
0.017893
0.013917
0.015195
0.01918
0.01326
0.0043741
0.018901
0.018346
0.016553
0.014022
0.0087725
-0.0084841
-0.015075
-0.013524
-0.023476
-0.02348
-0.017266
-0.01047
-0.010363
-0.021617
-0.0033614
0.0021262
0.0021934
0.0091896
0.0041606
0.016321
0.020883
0.0053248
-0.014907
-0.019427
-0.025303
-0.026332
-0.030903
-0.035932
-0.037088
-0.037071
-0.046051
-0.021756
0.0035693
-0.0058328
-0.011731
-0.0051872
0.0018024
0.014729
0.013688
0.015328
0.010531
0.020551
0.021571
0.024022
0.017387
0.024631
0.02808
0.013028
0.011835
0.0098113
0.010463
0.0069487
0.015033
0.024519
0.0086761
0.0019439
0.0053948
0.012699
0.0175
0.0021873
0.0066528
-0.00029768
-0.020323
-0.017535
-0.0098148
0.0024436
0.001102
-0.00067479
0.0023524
-0.015006
-0.011168
-0.012098
-0.007582
-0.0031746
0.0080864
0.0018435
0.0015082
0.002947
-0.0021301
-0.0050232
0.0023236
0.0039292
0.0033808
0.0036269
-0.0075333
-0.011146
-0.0086401
-0.0025261
-0.00068885
-0.012165
-0.0087876
-0.0049017
0.0032528
0.005062
0.00048672
-0.0051325
-0.00071164
-0.0047949
-0.0021491
0.00076345
-0.0040273
-0.011681
-0.0059746
-0.011939
-0.0081406
0.00062865
-5.1705e-05
0.0044863
0.0015543
0.0047632
0.0016764
0.010533
0.0051653
0.0090537
0.011213
0.00053707
0.0047963
0.0048741
0.0026656
0.0015341
0.00092491
-0.0026351
-0.010636
-0.0024936
-0.0064856
-0.00045153
-0.012902
-0.019954
-0.0058234
0.0053449
0.011227
-0.0062536
0.0048044
0.0042239
0.00668
0.0097071
0.025001
0.025774
0.029567
0.022483
0.014645
0.022366
0.022046
0.0043181
0.0054982
-0.0054184
-0.017566
-0.0054312
-0.012741
-0.02706
-0.026389
-0.02613
-0.019312
-0.00059633
-0.0061298
0.01212
0.0072262
-0.012353
-0.0097618
-0.014549
-0.015517
-0.017711
-0.010718
-0.017771
-0.0051057
-0.015414
-0.017943
-0.015011
-0.014867
-0.0076011
0.0070014
0.0034791
-0.0031459
0.013044
0.011639
-0.0089246
-0.0057202
0.014684
0.017359
0.019688
0.022226
0.0081426
0.0081979
0.017952
0.0097485
0.0098914
0.00076918
-0.00027155
-0.0034926
-0.0091563
0.019275
0.023976
0.027987
0.029634
0.015155
0.0066507
0.0096059
0.0030745
-0.0022798
-0.011065
-0.0094737
-0.00037213
0.00075125
-0.0011192
-0.0057427
0.0028407
0.0080347
0.0086591
-0.0041009
0.0070534
0.0019134
-0.0064045
-0.0099774
-0.016274
-0.019989
-0.019191
-0.010603
0.009256
0.010185
0.0099796
-0.0093581
-0.0035826
0.0087312
-0.011362
-0.015967
-0.0014188
0.022891
0.0076642
0.0007116
-0.0035735
-0.0012511
-0.0068647
-0.020021
-0.0061384
-0.0095796
0.01116
0.0035535
-0.0062737
-0.011449
-0.012144
-0.027643
-0.029408
-0.037989
-0.041778
-0.043707
-0.015298
-0.0089735
0.011989
-0.020947
-0.027541
-0.023684
-0.0071054
0.011946
0.018891
0.027619
0.025124
0.025484
0.030693
0.031288
0.018906
0.018546
0.011972
0.018903
0.013692
0.0089566
0.00457
0.0078072
0.0076863
0.011648
0.022565
0.023427
0.010035
0.016213
0.0085781
0.0079506
-0.00036637
-0.012797
0.0017383
0.003873
-0.0082479
-0.0096504
-0.00052232
-0.0057459
-0.017752
-0.016076
-2.0424e-05
0.0024739
0.0025125
-0.0014944
0.0056915
0.0036118
-0.01043
0.008787
-0.0036035
-0.0065819
0.0039768
-0.0055838
-0.011247
-0.022269
-0.0076406
0.0011395
0.0068959
0.015959
0.015458
0.021496
0.023708
0.015774
0.0099309
-0.0035181
-0.0011843
-0.0075082
-0.017855
-0.0039275
-7.3969e-05
0.009342
0.016919
0.013273
0.010537
-0.0065305
-0.0087786
-0.018517
0.00076139
0.0049327
-0.0067856
-0.011372
-0.018716
-0.015877
-0.021438
-0.019612
-0.017688
-0.015823
-0.024328
-0.02339
-0.0081653
-0.0080416
-0.028184
-0.0082226
0.0026921
0.0095353
0.00092628
-0.0039078
-0.0035737
-0.0049088
0.00044973
0.0010829
-0.0037428
0.0030817
-0.0072349
-0.021955
-0.0065612
0.0046462
0.0077563
0.0026314
0.017079
0.013021
-0.010129
-0.010949
7.4382e-06
-0.010544
0.00058272
0.0038077
0.009923
0.015839
0.012391
0.022817
0.026713
0.012492
0.0231
0.027483
0.026714
0.015575
0.015869
0.019937
0.014849
0.014218
0.016528
0.0027508
0.0024733
0.0069
0.014006
0.014068
0.00036263
-0.015484
-0.015154
-0.01131
-0.00094239
0.0036748
0.0052093
-0.0048692
-0.012285
0.0054755
-0.0026658
-0.017886
-0.025568
-0.033355
-0.034539
-0.012328
0.010752
0.017041
0.011001
0.017491
0.0084495
0.0039406
0.0062346
-0.00089491
0.00017452
0.0038314
-0.0024814
-0.0096367
-0.00018186
0.0013277
-0.010596
-0.025383
-0.02128
-0.018982
-0.019118
-0.025252
-0.029765
-0.014473
-0.015386
-0.0040987
0.019252
0.013518
-0.00058372
0.0070894
0.0021271
-0.012713
0.00020597
-0.01042
0.0087441
0.017515
0.012606
0.0085454
0.0053549
-0.00085096
-0.0036941
0.0080517
0.0039834
-0.0053808
-0.003052
0.015248
0.019167
0.0021085
-0.0030243
0.013366
0.019421
0.0094764
0.0011542
-0.0060889
-0.011548
-0.0072707
0.010978
0.0033327
-0.007003
0.004002
0.020162
0.014992
0.0017105
-0.004573
-0.0039151
-0.012731
-0.0049313
-0.0011553
0.011743
-0.00051152
0.0025887
-0.0091131
-0.015264
-0.015778
-0.0077374
-0.013782
-0.013858
-0.0090656
0.0060608
0.012856
0.0026848
-0.0084878
0.0084085
0.025861
0.02295
0.0079195
-0.0020122
-0.0051131
-0.0035039
-0.0057416
-0.004482
-0.0087942
-0.010268
-0.018335
-0.020656
-0.019722
-0.012011
-0.011034
-0.018017
-0.016632
-0.014182
-0.017354
0.0075756
0.016113
0.012366
0.040373
0.049357
0.041318
0.028681
0.020938
0.019297
0.010985
0.010151
0.0040611
-0.010763
-0.0083764
-0.0052171
0.020966
0.024327
0.021039
0.011579
0.0089729
-0.0075175
-0.0015897
-0.0083412
-0.0027032
-0.00076126
-0.0063415
-0.0055862
-0.010839
-0.0064289
-0.0077745
-0.0087203
-0.013981
-0.012004
-0.013769
-0.014924
0.0071365
0.0064996
-0.0011284
-0.0082379
-0.0055742
-0.0084394
-0.0051798
-0.011371
-0.011572
-0.013429
-0.021053
-0.015508
-0.020717
-0.023833
-0.016745
-0.024314
-0.019826
-0.019341
-0.029234
-0.023592
-0.029165
-0.024574
-0.02254
-0.0092201
-0.0079151
-0.014932
-0.011224
0.0090483
0.012972
0.02939
0.043627
0.040485
0.046879
0.057754
0.059782
0.055481
0.056528
0.04977
0.03552
0.022615
0.014433
0.021151
0.0097982
0.016465
0.0056257
-0.0017876
-0.017461
-0.01299
-0.013221
-0.013366
-0.021086
-0.018531
-0.016489
-0.0086628
-0.022133
-0.021414
-0.010244
-0.023025
-0.027842
-0.023176
-0.016849
-0.013498
-0.011252
-0.016738
-0.016992
-0.011638
0.0071725
-0.0022672
-0.0092693
0.0031591
0.011878
0.012711
0.016756
0.01449
0.014713
0.010843
0.0082748
0.026811
0.019799
0.016835
0.017209
0.011822
0.0074138
0.00027931
-0.0078391
0.0010642
0.0094154
-0.0012309
0.005613
-0.0016664
-0.013372
-0.0033606
-0.02101
-0.028669
-0.026201
-0.026241
-0.0076016
0.0063535
-0.0024601
-0.01589
-0.0045396
0.0010349
-0.0033911
-0.00029347
-0.0076101
-0.0058329
-0.002746
-0.009354
-0.005753
-0.0017224
-0.0010087
0.0065679
0.0001272
0.00092692
0.0078327
0.016702
0.020545
0.015267
0.0091823
0.0044358
0.0067427
0.0063703
-0.0070525
0.0047218
0.00091489
-0.0010306
-0.0020113
0.0029998
0.00026414
-0.0026383
-0.018285
-0.0037685
0.002073
0.0079785
0.0027351
-0.0082642
-0.012441
-0.023803
-0.034124
-0.036701
-0.023295
-0.017676
0.0010944
0.0093935
0.0069387
0.0016297
0.012375
0.017821
0.012591
0.017912
0.01577
0.01365
0.010885
0.012229
0.025319
0.017134
0.024392
0.017145
0.011552
0.021304
0.022585
0.016829
0.02326
0.011773
-0.0046434
-0.012634
-0.015838
-0.025307
-0.031907
-0.036961
-0.030832
-0.010813
-0.0094109
0.0081918
0.014219
0.013748
0.015886
0.023244
0.024853
0.016373
0.0047302
0.005236
-0.0038065
-0.00964
-0.0048185
-0.018898
-0.019942
-0.015666
-0.026486
-0.022937
-0.011851
-0.0080332
-0.010884
-0.015343
-0.0023309
0.0035972
-0.0096071
-0.011511
-0.00027565
0.0043209
-0.0021703
0.0022642
0.0082113
0.011966
0.0042513
0.00030112
-0.00088506
-0.012666
-0.0085626
0.0018527
-0.0019283
0.0044146
-0.0036452
0.0072047
0.0093224
0.004151
-0.0041414
0.0006123
-0.0056553
0.0021922
0.021095
0.0090759
0.0043435
0.0078646
0.02282
0.016419
0.013927
0.0032354
-0.0044982
-0.0064532
0.0034
0.0036569
-0.001784
-0.007478
-0.0032412
-0.0023505
-0.0066295
-0.010885
-0.008253
-0.0090589
-0.0033453
-0.0018893
-0.010958
0.00083778
0.024236
0.0035467
-0.001752
-0.0047311
-0.0063335
-0.0058763
-0.012559
-0.00049788
0.010542
0.0056969
-0.0059673
-0.0096684
-0.012623
-0.0023407
-0.012842
-0.012954
-0.015416
-0.016797
-0.016249
-0.018267
-0.0090931
-0.013085
-0.0057008
0.0058539
0.014221
0.020699
0.02407
0.041087
0.04695
0.030448
0.015579
0.0084013
0.010793
0.0061687
0.0044991
0.0041019
0.00071951
0.0034253
-0.0012703
-0.0039979
0.02649
0.0069098
0.012965
0.0020358
0.00091765
-0.0082375
-0.011194
-0.014494
-0.013941
-0.0064253
0.0045815
0.013955
0.014298
0.010374
0.0026314
-0.0071355
0.0030813
-0.0041368
0.0094026
0.0064339
0.0042926
0.00085863
-0.0021537
-0.011239
-0.014703
-0.0065414
-0.017721
-0.01272
-0.015364
-0.0091336
-0.02713
-0.011545
-0.011933
0.0076889
-0.012765
-0.010601
-0.011276
-0.014511
-0.011122
-0.021613
-0.021905
-0.017911
-0.022901
-0.017023
-0.014896
-0.019395
-0.024493
-0.020479
-0.024366
-0.024378
-0.02149
-0.026238
-0.0046968
-0.007254
-0.014506
0.0042945
0.023957
0.044981
0.058975
0.060792
0.071857
0.06837
0.063179
0.053378
0.037121
0.030923
0.015225
0.021713
0.0057154
0.0075459
-0.0076169
0.0025076
0.014059
0.0019883
-0.00339
-0.0099672
-0.0087954
-0.012186
-0.011099
-0.0021303
-0.0060527
-0.0077818
-0.010584
-0.016442
-0.014484
-0.012014
-0.0096597
-0.013088
-0.02108
-0.0053124
0.0015377
0.002829
-0.0048687
-0.0058428
-0.013065
-0.0033088
-0.010689
-0.005799
-0.0070459
-0.0082477
-0.0023707
-0.0081837
-0.008552
-0.0042471
-0.003112
-0.0040678
0.0013485
-0.0094875
-0.0038618
-0.000574
-0.004164
0.0026942
-0.00047927
-0.0015683
0.0023621
0.0033562
0.0011448
-0.0041926
-0.0015401
0.0011315
0.013186
0.0044995
5.8238e-05
0.0092528
0.0081979
0.0039938
0.0062381
0.0025654
0.0083639
0.0049979
0.00020189
0.0018473
0.0042834
0.0032032
-0.0036268
-0.0014865
-0.00061281
-0.00401
0.00088761
-0.0017425
-0.0013955
-0.010768
-0.0056678
0.0040378
-0.00079435
-0.0029074
0.016778
0.0074174
0.0016504
-0.0023067
-0.0058853
-0.0099053
-0.0098409
-0.0075845
0.009907
0.017834
0.0095943
0.00098507
-0.0050122
-0.0059837
-0.0012082
-0.0074651
-0.0055248
-0.010926
-0.014072
-0.0063299
-0.00089653
-5.9116e-05
-0.012588
-0.011071
-0.0080271
-0.014534
-0.015085
-0.011418
-0.0035428
-0.0067942
0.0098139
0.0020556
-0.0017926
0.0019918
0.012907
0.013684
0.032411
0.02425
0.023794
0.01201
0.017567
0.0057969
0.0016552
0.0040017
0.0060577
0.0080864
0.029827
0.016847
0.00041285
0.0076228
-0.0013868
-0.0016696
-0.0055192
-0.0085648
-0.0060001
-0.00512
-0.013893
-0.010481
-0.007561
-0.0047742
-0.0044175
-0.011735
-0.0036878
-0.0052335
0.0031439
-0.0024673
-0.0041393
0.0030887
0.0023882
-0.0090419
0.00050993
-0.00055305
-0.0063822
-0.0062763
-0.0049266
0.0022513
0.0049808
-0.0022504
0.0064873
0.0024731
-0.0030985
-0.0045877
0.0048233
-0.01018
0.0015165
0.0028843
-0.0011982
0.0033721
0.0030252
0.0089298
0.013924
0.020816
0.0099694
0.0021263
0.0037514
0.00023792
0.0042286
5.0272e-05
-0.0056315
-0.0021906
-0.0029219
-0.00064016
-0.004733
-0.0043256
-0.0022107
-0.0078922
-0.0089756
-0.0087612
-0.013552
-0.0076596
-0.0096352
-0.0093063
-0.019915
-0.016361
-0.018734
-0.011879
-0.00036236
0.0015591
-0.0037964
-0.013259
-0.0028935
-0.014972
-0.007688
-0.013516
-0.013844
-0.015866
-0.01519
0.0027485
-0.0011554
-0.0038432
-0.0071151
-0.0014185
-0.011485
0.002504
0.012769
0.023002
0.0086442
0.02138
0.023271
0.023469
0.023124
0.018882
0.0047077
0.015923
0.021518
0.033312
0.028826
0.023113
0.0206
0.030255
0.038829
0.039431
0.035539
0.019208
0.01114
-0.00083809
7.5292e-05
6.0462e-05
-0.013434
-0.011246
-0.011283
-0.01731
-0.014014
-0.017584
-0.010502
-0.018149
-0.016715
-0.013654
-0.01676
-0.015696
-0.017943
-0.016365
-0.0084785
-0.014171
-0.017042
-0.015666
-0.02143
-0.015036
-0.014043
-0.013584
-0.010054
8.2815e-05
-0.0076454
-0.0067793
-0.0059206
-0.01161
-0.0098134
-0.0077879
-0.007086
-0.0036445
-0.0018866
-0.011944
-0.0061035
0.016373
0.027445
0.02883
0.027495
0.012351
0.016586
0.0143
0.012705
0.00254
0.0090521
0.0046158
0.0071326
-0.0035932
0.0029582
-0.0062089
0.001094
-0.0049229
-0.0027305
-0.0061571
-0.0078125
-0.010341
0.0025637
-0.013746
-0.0076054
-0.0056878
-0.0012669
0.0049427
0.0055893
-0.0074024
-0.0028416
0.015772
0.016007
0.017954
0.0034157
0.00078046
-0.010389
0.0019576
-0.010466
-0.0074573
-0.014917
-0.0074994
-0.0078919
-0.0090784
-0.0091882
-0.0099987
-0.012185
-0.0081328
-0.0045797
-0.0083573
-0.014695
-0.015786
0.0074354
0.0089683
0.0027357
0.0044444
0.02333
0.023757
0.020403
0.020143
0.02732
0.015931
0.014432
0.013673
0.0075678
0.0039232
0.0064485
0.0083652
-0.0029349
0.00265
-0.0080312
-0.002121
0.0050467
0.0018621
0.0026209
0.0069668
-0.00019644
0.012339
0.0010059
-0.00071679
-0.0042967
-0.0045197
0.0065879
0.0041616
0.0013667
-0.0020381
0.0011871
-0.00056234
-0.0023056
-0.00075649
0.0033224
-0.0048263
-0.0065974
-0.009651
0.0023665
-0.0029549
-0.011612
-0.0062718
-0.0097383
-0.0045871
-0.0062069
-0.012601
-0.010341
-0.010212
-0.014739
-0.0083229
-0.006547
-0.010635
-0.013815
-0.0094985
-0.002988
0.019438
0.0021005
-0.0070252
-0.010975
-0.0091885
-0.015635
0.0050727
0.0023081
0.00019236
-0.015723
-0.013753
-0.014403
-0.021699
0.0052111
0.025653
0.012487
0.0022369
0.0084262
0.0068652
0.01725
0.0034909
0.0005852
-0.001538
-0.0018492
-0.019008
-0.013396
-0.017532
-0.012812
-0.006363
-0.010864
-0.0046996
0.010296
0.019098
0.020445
0.023743
0.021507
0.012496
0.0024165
0.012092
0.013725
0.0083722
0.0016238
0.0054462
0.011366
0.0055336
0.0091717
0.010606
0.011405
0.0042667
0.007467
0.0038551
0.0059489
0.010418
0.011036
0.01358
0.00093387
0.0068204
0.010758
0.0064263
0.0063342
0.0083778
0.0057259
-0.0086257
-0.0051254
-0.01611
-0.015435
-0.016656
-0.0088294
0.0026931
-0.014173
-0.00053631
-0.0040521
-0.0018265
0.00084463
0.0041658
0.00016752
0.0086191
0.0019589
-0.0009991
-0.012729
-0.024018
-0.030653
-0.033347
-0.01559
-0.0023071
-0.013945
-0.0066344
-0.0025168
0.0044285
-0.010827
-0.0081517
-0.0078897
-0.0028473
-0.00023681
-0.0028341
0.0017769
0.0012082
0.0039384
0.003427
0.0091971
0.0068062
0.014327
-0.00073052
0.00012753
0.0067215
-0.0030677
0.0030678
0.0026588
0.0059443
0.0056228
0.0077019
0.0037407
0.0086168
0.006633
0.0024967
0.002948
0.00377
0.00059724
0.0012374
0.0025779
0.00055317
0.0026578
-0.0043203
-0.015248
-0.010978
-0.0047248
-0.012899
-0.0038873
-0.0075615
-0.0095001
0.0016383
0.0075981
0.0028961
-0.011192
0.000393
-0.0017676
-0.0069553
-0.0067522
-0.0113
-0.0043492
-0.00064249
-0.011423
-0.0041108
-0.00064035
0.00064397
0.000823
0.012745
0.011142
0.014156
0.014234
0.020518
0.015927
0.013568
0.0066535
0.0074253
0.0061802
0.013147
0.01231
0.012104
0.022645
0.022001
0.026755
0.010036
0.011925
0.0064863
0.0068011
-0.012297
-0.010324
-0.0096116
0.0034896
0.0039382
0.00099256
0.006424
0.013512
0.0062473
0.00056483
-0.014828
-0.0065972
-0.0093968
-0.016434
-0.010698
-0.010942
-0.016561
-0.023906
-0.033759
-0.027738
-0.025408
-0.028243
-0.03102
-0.030227
-0.018995
-0.011391
-0.016683
-0.000803
0.015168
0.0099438
-0.0026013
-0.006716
-0.00055151
0.010385
0.02052
0.011744
-0.0064617
-0.0036193
0.0009532
0.0066414
0.025811
0.033937
0.028425
0.016692
0.0053635
0.0064349
-0.0043241
-0.0021832
-0.00409
-0.013651
-0.0024072
3.37e-05
-0.0092064
-0.006994
-0.014837
-0.0081119
-0.004707
0.00044338
-0.0014566
-0.004608
-0.0030408
-0.013576
-0.0084836
-0.012337
-0.011592
-0.0018947
0.012501
0.022532
0.0029552
0.034793
0.051045
0.038622
0.03153
0.022196
0.010308
0.014087
0.0097442
0.0078489
0.006195
-0.00075052
-0.0066252
0.0016077
0.001721
-0.0054243
-0.0014936
-0.0019487
-0.014296
-0.0045119
-0.007773
-0.00024041
-0.012551
-0.0071295
-0.004431
-0.0052574
-0.005671
-0.0086459
-0.0023487
0.0047561
-0.010695
-0.01064
-0.0074773
-0.012929
-0.0099503
-0.0088288
-0.0092259
-0.013244
-0.010026
-0.013423
-0.011851
-0.0092598
-0.0068565
-0.01045
-0.014667
-0.0099311
-0.012178
-0.015984
-0.0069691
0.0016193
-0.0061118
-0.0088561
-0.0064392
-0.0039975
-0.007561
-0.0095398
-0.0064458
-0.0063253
0.0020842
0.023975
0.024469
0.022736
0.019139
0.045121
0.054359
0.046133
0.036203
0.033914
0.0096849
0.014735
0.0076814
0.0018797
0.0016575
-0.0046296
-0.0019754
-0.0067099
0.0017719
-0.0033321
-0.0063684
-0.011367
-0.0073163
-0.011874
-0.016692
-0.010023
-0.010204
-0.010161
-0.017341
-0.009833
-0.010632
-0.013047
-0.0074277
-0.0067318
-0.012516
-0.011816
-0.0057051
-0.011503
-0.004587
-0.0072073
-0.0031983
-0.012579
-0.0028812
-0.0074355
-0.012487
0.0013109
0.0099631
0.0041902
0.007367
0.0039742
-0.0031482
-0.001619
-0.0082682
0.0017757
0.00064464
-0.0042811
0.0030156
-0.0026018
0.0044216
-0.00038991
0.00069357
-0.0052959
-0.0073832
0.013028
0.04008
0.021071
0.013162
0.01287
0.0087123
0.0062444
0.016983
0.015859
0.0074479
0.036167
0.050578
0.033066
0.022874
0.019223
0.010313
0.014046
0.0067797
0.0033022
0.0012497
-0.0038647
-0.0030986
0.0017977
-0.016357
-0.0073096
-0.013504
-0.016087
-0.0093949
-0.016081
-0.018064
-0.020424
-0.022452
-0.023771
-0.018542
-0.020132
-0.025304
-0.029471
-0.029236
-0.030423
-0.032873
-0.035065
-0.030457
-0.033945
-0.042232
-0.035016
-0.036479
-0.040212
-0.03523
-0.037013
-0.037538
-0.021434
0.0017701
0.034565
0.04257
0.038292
0.048403
0.055332
0.044076
0.045534
0.032874
0.035968
0.032671
0.023049
0.024237
0.014263
0.028018
0.030001
0.030958
0.030895
0.02855
0.02646
0.018416
0.01191
0.0076548
0.0043639
0.0030345
0.0053582
0.014133
0.015474
0.010358
0.0028686
-0.0046745
-0.004456
-0.014957
-0.0092197
-0.017243
-0.018543
-0.015431
-0.015199
-0.009548
-0.0029693
-0.01137
-0.021117
-0.0089255
-0.011097
-0.015992
-0.016042
-0.020668
-0.017263
-0.0080025
-0.0016148
-0.01995
-0.01523
-0.01557
-0.0063852
-0.0070091
-0.0064832
-0.0073732
-0.0028036
0.012088
0.0063546
0.0045489
0.0040646
-0.0028349
0.0045013
-0.0063321
-0.0095405
-0.01005
-0.0076769
-0.0096667
-0.01633
-0.00025701
-0.0017553
-0.0051596
-0.0037952
0.0022526
-0.0054311
-0.0014777
-0.0063053
0.0066004
0.0043497
-0.0007476
0.0099587
0.011248
0.0058246
-0.0031731
0.0032349
0.0065794
0.01509
0.0061132
0.013644
-0.0015199
0.0046247
0.00037383
-0.0055783
0.0064523
0.00027494
0.0054298
-0.0001573
0.012614
0.014494
0.013151
0.014279
0.012328
0.01809
0.013876
0.0044381
0.00082949
0.015607
0.0046482
0.0084339
-0.0053326
-0.0094686
0.00035314
0.00033108
-0.013711
-0.0031897
0.002192
-0.0022882
-0.0019461
-0.0094868
-0.016469
-0.0082365
-0.010958
-0.0012401
0.018312
0.014324
-0.0011834
-0.0084192
0.00027326
-0.0089386
-0.0069807
-0.014256
0.0028084
-0.0057216
0.0018501
-0.01196
-0.0073492
0.0010057
0.0013115
0.010113
-0.001977
-0.0071031
-0.0067088
-0.0060051
-0.004479
-0.0054479
-0.0036491
-0.010498
-0.0048721
-0.016613
-0.0022318
0.0048423
0.0021285
0.0063578
0.01057
0.014646
0.014216
0.0052377
-0.0022946
0.00034553
0.0038631
0.0047161
0.0032515
0.0063064
0.003465
-0.0082639
-0.0034043
0.0093538
0.010468
0.00062865
0.011391
0.0052723
0.005696
0.0046521
0.0021359
0.010235
-0.0043629
-0.019097
-0.012085
-0.0043604
-0.0079961
0.001227
-0.011091
-0.012027
-0.00068789
0.0033335
-0.00034174
0.0052677
-0.0051693
-0.0067279
-0.0039508
0.0028607
-0.00244
-0.0048516
-0.010138
-0.016097
-0.017577
-0.015527
-0.012299
-0.0091607
-0.012892
-0.0022049
0.013059
0.0022471
0.0061332
0.00087885
0.00042505
0.00076346
0.0088212
0.0063805
0.013737
0.0048307
0.0020576
-0.00685
-0.0016854
-0.00076265
0.0079906
0.010219
0.017565
0.02003
0.018356
0.016498
0.010952
0.0099104
0.018124
0.010068
0.0018743
0.0097745
0.0088938
0.011348
0.0094174
0.0057758
0.0036164
0.0074751
0.004824
0.0059037
-0.0056133
-0.0028327
-0.0043494
0.0032898
0.0022504
-0.0038245
-0.0048189
-0.01279
-0.011446
-0.017092
-0.011748
-0.021296
-0.031955
-0.022305
-0.012559
-0.0027694
-0.0082643
-0.012663
-0.0040747
-0.0093168
-0.015942
-0.013255
-0.0018283
0.010993
0.012764
0.013278
0.0061726
0.010108
0.014577
0.01069
0.014639
-0.0076514
-0.01208
-0.014557
-0.020373
-0.017536
-0.01987
-0.022802
-0.0047667
-0.0063396
0.011345
0.0048575
0.0045751
0.00095668
-0.00085963
-0.0034695
0.0081037
0.022547
0.016959
0.013992
0.0017005
3.6882e-06
-0.0052597
-0.009291
0.00044179
0.0019773
0.0019565
0.0055817
-0.00028706
0.0014271
0.0035228
0.0048331
0.0088748
0.014357
0.014702
0.016579
0.016966
0.01294
0.010938
0.0045776
0.012636
0.015011
0.0084465
0.00083026
-0.008242
-0.0020047
0.0071513
-0.0050551
-0.0060735
-0.0046466
0.0051314
-0.0042134
0.0084089
0.0078833
0.01034
0.0045373
-0.006546
-0.0071223
-0.0070472
-0.0088222
-0.010687
-0.023323
-0.019901
-0.026506
-0.022389
-0.026828
-0.027593
-0.019221
-0.022801
-0.011934
0.0039458
0.0087754
0.010533
0.0041636
-0.0018436
0.00091685
0.0043441
0.0031667
-0.00098787
-0.0033242
0.0041857
0.0087929
0.005777
-0.0084384
-0.0015597
-0.0022245
0.010374
0.010101
0.0037335
0.0084155
0.0056507
0.011721
0.0054114
0.011739
0.019024
0.014097
0.0073008
0.0098489
0.0062098
0.015266
0.0096265
0.0047909
0.0036537
0.0072819
0.0062544
-0.0047205
-0.0038914
0.002566
-0.0079659
-0.00046502
-0.0036186
0.0024787
0.0068717
6.8542e-05
0.00089314
-0.0033808
0.0051812
0.0041732
-0.0084675
-0.011754
-0.0079405
-0.022262
-0.022232
-0.019961
-0.022235
-0.024858
-0.033957
-0.02659
-0.011985
-0.0052207
0.01468
0.016353
0.0038306
0.0091971
0.014823
0.013229
0.0038353
0.0093123
0.0012812
0.011842
0.0087702
0.0042096
-0.0029981
-0.0042256
-0.0031137
0.0057316
0.0069077
0.0051885
0.013735
0.029061
0.027789
0.014382
0.010181
0.0031591
-0.0059197
-0.0076228
-0.0061249
0.00093336
0.0080325
-0.0065206
-0.019585
-0.00080447
-0.0013692
-0.016581
-0.014569
-0.021102
-0.01173
-0.015563
-0.0016301
0.0047736
0.0098072
0.0041256
-0.009684
-0.0049906
0.002917
0.0023181
0.010103
0.012319
0.0094366
0.0098477
-0.00051908
-0.0031413
-0.016199
-0.0092305
0.0048698
0.0057729
0.003097
0.00339
-0.0034127
0.00943
0.0034579
-0.0060884
-0.010649
-0.01277
-0.012391
-0.0050351
-0.014488
-0.010314
-0.0092919
0.0011013
0.004989
0.011159
0.0067389
0.016743
0.010709
0.007668
-0.0023689
0.00040897
-0.00079831
0.0021396
0.01327
0.0071221
-0.001283
0.01145
0.0036577
0.00241
0.0098707
0.01084
0.0023066
-0.0014235
0.011527
0.0031479
0.0032556
-0.0089603
-0.014104
-0.0075423
-0.004774
-0.00069386
-0.0058665
-0.0097328
-0.016062
-0.012402
-0.00084897
-0.0041901
0.012745
0.012375
0.0023142
0.0031613
0.001821
0.0013397
-0.0077308
-0.019551
-0.025603
-0.029881
-0.022509
-0.011875
0.0064626
0.013687
0.017102
0.019086
0.025674
0.01821
0.020773
0.013803
0.016026
0.013538
0.013941
0.0058571
0.00051389
0.0010894
-0.0068582
-0.007111
-0.0024365
0.0041276
-0.0051668
-0.0066541
-0.020077
-0.020416
-0.024468
-0.025419
-0.029566
-0.024357
-0.017523
0.0017048
0.0099815
0.0044559
-0.0013182
0.0062908
0.0045436
-0.0047291
0.0091024
0.014836
0.012823
0.013005
0.01108
0.0073931
0.010544
0.012383
0.011767
0.006752
0.0039508
-0.0045655
0.0031546
-0.0056651
-0.00085306
-0.0047262
-0.0051899
-0.0010142
0.0090507
0.0069169
0.0058928
0.0012272
1.6729e-05
-0.0071025
-0.023691
-0.013106
-0.0052243
-0.0025124
-0.0053356
-0.0057762
0.00095247
-0.005402
0.0024537
-0.0034103
-0.0022705
-0.0013129
0.00033068
0.0078062
-0.0038704
-0.008748
-0.0018492
0.013875
0.019675
0.021059
0.015333
0.020998
0.019834
0.015713
0.010339
0.0056204
0.00060365
0.0033303
0.0015921
-0.0083037
-0.011791
-0.011046
0.0028576
-0.0071646
-0.0041199
-6.7938e-05
0.0012705
-0.0056695
-0.0087521
-0.0087374
-0.010248
-0.0069872
-0.010027
-0.017006
-0.0076406
-0.011202
-0.0080669
-0.0075873
-0.0082021
-0.0091993
-0.014642
-0.018367
-0.014588
-0.02577
-0.016034
-0.010249
0.011905
-0.0068654
0.011372
0.010756
0.01673
0.0094394
0.0094065
0.012956
0.0083235
0.0070462
0.012508
0.0078968
-0.0065509
0.0054547
-0.0077344
-0.00432
0.0063237
-0.0013206
0.0042931
0.0074192
0.010232
0.011426
0.014856
0.011586
0.0093291
0.01281
0.022839
0.018032
0.0026783
-0.0097754
-0.012482
-0.022548
0.0052718
0.017791
0.019505
0.015277
0.014034
0.0038022
-0.0012917
-0.00074308
-0.014472
-0.024372
-0.006737
-0.014242
-0.016879
-0.022566
0.010346
0.032544
0.030801
0.029274
0.019691
0.009471
0.0070929
0.0018278
-0.013836
-0.017168
-0.013968
-0.015336
-0.0152
-0.025307
-0.02082
-0.023078
-0.01339
-0.022178
-0.019732
-0.011655
-0.02011
-0.0078024
0.0055416
-0.00552
-0.0081086
-0.017408
-0.016309
-0.023651
-0.015263
-0.016069
0.003976
0.012747
0.0065018
0.0045036
-0.010108
-0.0094459
-0.0084049
-0.0094135
0.024541
0.029732
0.033896
0.0456
0.039687
0.024413
0.018423
0.0060727
0.0072212
0.0049614
0.015846
0.026155
0.013842
0.017849
0.0096779
0.0034895
0.0032047
-0.0026246
-0.0044162
-0.0063471
0.0087493
0.0012543
0.005082
-0.010333
-0.0047068
-0.0056848
-0.0050426
-0.0080416
-0.012407
-0.013705
-0.007607
-0.0089484
-0.0066278
-0.0084719
-0.016312
-0.013858
-0.013214
-0.0076796
-0.0075557
0.0079982
-0.0027207
-0.0031938
-0.0061484
-0.0095632
-0.01071
0.0018402
-0.00816
-0.0017476
-0.0086353
0.0098332
0.0076301
0.0059019
0.0087021
-0.0027441
0.011526
-0.0054114
-0.0046112
-0.00072578
-0.0077731
-0.0022319
-0.0058999
-0.0050859
-0.0067036
-0.0068974
-0.0037839
-0.0047176
-0.0077789
-0.00074793
-0.0023495
-0.012091
0.02524
0.040526
0.028096
0.019641
0.016549
0.011003
0.0094817
0.0033106
0.0059387
0.00024774
0.0020424
7.7972e-05
-0.0057848
-0.0036122
-0.0028918
-0.0034868
0.0016764
-0.0072562
-0.007141
-0.013131
-0.0082648
-0.0036888
-0.0044628
-0.0064053
-0.00515
-0.0092281
-0.0059259
0.0083137
-0.00070951
-0.0014155
0.0030436
0.0089985
0.0181
0.015293
0.011659
0.0048252
0.0067078
0.0063837
-0.010293
-0.0043153
-0.0061411
-0.0027315
-0.0031407
-0.0063144
-0.0015898
-0.0095443
-0.0094524
-0.0051928
-0.0061064
-0.0089255
-0.0020969
-0.0073681
-0.0095489
0.0015976
-0.0052583
-0.0074404
-0.0028937
-0.0097344
-0.0095635
0.0015717
-0.0059774
-0.010387
-0.0024035
0.0020376
0.023366
0.018331
0.0084002
0.007691
0.0084005
-0.004447
-0.0017543
-0.0012724
-0.0056403
-0.00024564
0.00044192
0.0042266
-0.0023633
0.0019175
0.019807
0.02527
0.014368
0.010666
0.010458
0.0014841
-0.0020704
-0.0030713
-0.0016511
0.00088442
-0.0014872
-0.003693
-0.014054
-0.0065673
0.0087797
0.00053631
-0.0049507
-0.0052195
-0.0061498
-0.0004862
0.0041614
-0.0031133
0.0010298
-0.0035361
-0.0063805
-0.0068306
-0.0049743
-0.010674
-0.0077157
-0.0113
-0.0080939
-0.0051329
0.01412
0.0044753
0.011534
0.025621
0.020866
0.01089
0.010589
-0.0010372
-0.0061727
-0.0035305
-0.00087554
-0.0064225
-0.0077652
-0.012846
0.0019724
0.00051438
-0.00038378
0.0013433
8.8115e-05
-0.003618
-0.0058574
-0.0068243
-0.00051484
-0.0022613
-0.011639
-0.010221
-0.014373
-0.0038429
-0.010069
-0.010544
-0.0098975
-0.010178
-0.0084007
-0.008056
-0.0079596
-0.011208
-0.0065309
-0.0073172
-0.0012238
0.00092877
0.011898
0.020369
0.018531
0.034019
0.019746
0.014406
0.011839
0.011995
0.011023
0.0057502
0.0067684
-0.00017788
0.0011445
-0.0049606
0.0016864
0.0066928
0.0044995
-0.0012413
-0.00023739
-0.00049829
-0.0076322
0.00061323
-0.0011068
0.0017739
0.00205
-0.0024328
0.013476
0.0067228
-0.0027357
-0.0018112
0.004012
0.0047777
0.0015259
0.00026421
0.0058687
0.0053257
0.0058261
0.0078896
-0.0014041
-0.0039202
-0.00048907
-0.0066218
-0.0058616
-0.0037869
-0.0097005
-0.0091012
-0.0044044
-0.00081509
-0.0093398
-0.0095921
-0.010216
-0.012243
-0.010702
-0.012903
-0.0081661
-0.016257
-0.016266
-0.015094
-0.020484
-0.015333
-0.0097618
-0.016999
-0.0082254
0.015384
0.013757
0.028768
0.011848
0.0020429
-0.0048281
-0.0083737
-0.012422
-0.0064277
0.005588
0.0034975
0.0015021
0.031954
0.038773
0.042439
0.040623
0.037442
0.019073
0.01204
0.011224
0.0025821
0.00046598
-0.016253
-0.011138
-0.015997
-0.019838
-0.017982
-0.013876
-0.0037098
-0.018437
-0.012593
-0.012665
-0.010422
0.00065023
3.2632e-05
-0.0011652
-0.0016139
-0.00099093
0.0018303
-0.0053553
-0.0041565
-0.0063257
-0.0047213
-0.0015989
0.0041303
-0.0045534
0.0052547
0.0062746
-0.0013921
0.0065471
0.0032597
0.0025213
0.0067375
-0.00065405
0.0078616
-0.0028867
0.0074981
0.002561
0.00082701
-0.0024118
0.0022577
-0.0019815
0.0027026
0.0048862
0.0073049
0.002369
0.001875
0.0044352
0.0087342
0.0043631
-0.0039487
0.0049502
7.6254e-05
-0.0025609
-0.0047867
-0.00077469
0.00072348
-0.0023747
-0.0013236
-0.0060924
-0.0010185
0.00011557
-0.0033822
-0.003477
-0.0097743
-0.007898
-0.0081924
-0.011743
-0.0059225
-0.011575
-0.0094445
-0.004791
-0.0045786
-0.009236
-0.0077404
-0.0062848
-0.0074726
-0.013458
0.00033234
0.0041175
-0.0037271
0.0017952
-0.0046912
-0.0079905
-0.017528
-0.0033926
0.0042202
0.016093
0.020618
0.015409
0.011997
0.012132
0.021354
0.016037
0.018632
0.016542
0.020352
0.029585
0.021764
0.029625
0.019976
0.01165
0.009239
-0.0036998
-0.015708
-0.018517
-0.016044
-0.026192
-0.026652
-0.025844
-0.028803
-0.020539
-0.031497
-0.026213
-0.019835
-0.019516
-0.013311
-0.014909
-0.020001
-0.01076
-0.020917
-0.012591
-0.0035258
0.013209
0.01118
0.01179
0.012317
0.0057627
0.0010515
0.004897
0.0024997
0.0073236
0.019332
0.018378
0.0083016
-0.0034601
0.0013884
-0.0024194
0.012542
0.024704
0.02202
0.030804
0.028359
0.019433
0.025157
0.026425
0.026413
0.020726
0.02449
0.023384
0.019459
0.026359
0.019201
0.0046301
-0.0052758
-0.0081081
-0.0085713
-0.013475
-0.011146
-0.018754
-0.027777
-0.026314
-0.027006
-0.010772
-0.010485
-0.019671
-0.017463
-0.014721
-0.018448
-0.025218
-0.024882
-0.030645
-0.021324
-0.0098179
-0.0018001
-0.0043345
0.0074456
0.00095738
-0.0043389
-0.011225
-0.0087666
-0.0075955
0.015688
0.00056552
0.0036728
-0.0029623
-0.0050583
-0.0076352
0.0070593
-0.0043473
-0.0069367
-0.014041
-0.0092255
-0.0051536
-0.008938
-0.004817
-0.0044998
-0.0071479
-0.00087241
-0.0056112
-0.0091556
0.0017534
-0.0058809
0.026747
0.045658
0.028424
0.022528
0.016637
0.0193
0.015334
0.011301
0.0080602
0.010563
0.0090589
0.0083821
0.0073284
0.016313
0.012585
0.012815
0.0058616
0.011352
0.011771
0.0058063
-0.002466
0.0010769
0.0038122
-0.00057982
-0.0067542
-0.0018403
-0.007855
-0.0065078
-0.0035859
0.0012392
-0.0048448
-0.0097725
-0.0067607
-0.014888
-0.0082604
-0.0080551
-0.011166
-0.0096347
-0.0027791
-0.0079963
-0.0039577
-0.0045552
-0.00032298
-0.017173
-0.0071535
0.0092732
0.028526
0.016765
0.0067814
0.010125
0.0055375
-0.0037461
0.0037867
0.0087199
-0.00013776
-0.0014141
-0.011389
-0.012472
-0.013005
-0.0075519
-0.0072657
-0.0069626
-0.011471
-0.01328
-0.012975
-0.014465
-0.022999
-0.018727
-0.025145
-0.020494
-0.019479
-0.026378
-0.021538
-0.023946
-0.01793
-0.012654
-0.014846
-0.020393
-0.012017
-0.024365
-0.0053029
0.038699
0.058523
0.052562
0.058212
0.063172
0.063449
0.042316
0.021253
0.021489
0.01692
0.011055
0.0049595
-0.00035708
0.0033294
0.0067699
0.02085
0.022688
0.016914
0.005988
0.0024489
0.0036035
-0.0095358
0.0011883
-0.0097787
-0.0064432
-0.014172
-0.01064
-0.013343
-0.010478
-0.014382
-0.012361
-0.0048717
-0.015646
-0.01025
-0.010851
-0.014582
-0.011938
-0.016911
-0.012247
-0.011823
-0.013878
-0.0097366
-0.008927
-0.014217
-0.014196
-0.0081329
-0.010799
-0.0031584
-0.010416
-0.0062495
-0.0064062
-0.0070016
-0.0060316
0.0080757
0.0069321
-0.0018094
-0.0023057
0.013443
0.013499
0.010551
0.017344
0.0095114
0.008937
0.0076345
0.0050723
0.0021617
-0.0026176
-0.00049677
0.0060515
0.0073737
0.00085984
-0.0017787
0.0008087
0.015042
-0.00048569
0.0016112
0.00026327
0.0039114
-0.0022658
-0.0015861
-0.0054061
-0.0028379
-0.0049202
0.0064287
-0.0041924
0.0015791
0.0017088
0.0011259
-0.0048645
-0.0055895
-0.0019639
-0.0085688
-0.0075834
0.0022949
-0.0017518
0.0039424
-0.0010547
-0.0060943
-0.0029182
-0.0040931
0.020291
0.017214
0.0099203
0.0085666
0.0043916
0.015785
0.014142
0.013784
0.011057
0.0033558
0.0081311
-0.0020012
-0.0049277
0.0015497
0.0073594
-0.0016625
0.0019254
-0.0014036
-0.0059196
-0.007076
0.0042158
-0.0041894
-0.0027952
-0.0058248
-0.0026723
-0.002438
-0.010236
-0.0059306
-0.0059028
-0.0064543
-0.009231
-0.0078242
-0.0082474
-0.0079847
-0.0068543
0.0039796
0.00020589
-0.0097441
-0.0040627
-0.0083425
-0.0071618
-0.0040615
-0.0031352
0.0075481
0.010395
0.0038926
0.00651
0.0012049
0.002093
-0.0024645
-0.008843
-0.010109
-0.0059014
-0.0084339
-0.0085101
-0.0109
-0.011863
-0.014536
-0.0068151
-0.012975
-0.010731
-0.0019363
-0.0041422
-0.0083306
-0.0043494
-0.002473
-0.0054801
-0.0043109
-0.0033403
-0.0038694
-0.0057075
0.018567
0.021916
0.046403
0.038001
0.023716
0.02073
0.037989
0.022181
0.016393
0.0087585
0.012119
-0.00029001
0.0024253
-0.0010225
-0.00115
-0.00083822
-0.0061347
0.00011991
-0.0032862
-0.0068389
-0.013963
-0.0083734
-0.001982
-0.0040433
-0.012197
-0.002368
-0.012953
-0.0013481
-0.003019
-0.012153
-0.0067545
-0.0072208
-0.0083355
-0.0034259
0.0054709
0.015202
0.015892
0.02149
0.014603
0.036067
0.026341
0.020549
0.014892
0.0031698
0.0068555
0.0019633
0.003183
-0.0049959
-0.00041405
-0.010479
0.00031938
-0.010649
-0.0074009
-0.0093552
-0.0099334
-0.009961
-0.014253
-0.018398
-0.015272
-0.013138
-0.018068
-0.021962
-0.017927
-0.024844
-0.02363
-0.019249
-0.016477
-0.025066
-0.021432
-0.023344
-0.020646
-0.017555
-0.01721
-0.012309
-0.021476
-0.02132
-0.022778
-0.026555
-0.024485
-0.016692
-0.00086678
0.017198
0.0014384
0.011005
0.0037719
-0.00075529
0.021837
0.025303
0.037599
0.039935
0.033695
0.035392
0.041458
0.049897
0.042753
0.038923
0.045273
0.044091
0.039454
0.035252
0.026712
0.032179
0.026533
0.0079669
0.0019284
0.0026632
0.0035617
0.00054447
0.0063514
-0.011114
-0.00033689
-0.016955
-0.016248
-0.01241
-0.016563
-0.016647
-0.018099
-0.023056
-0.019324
0.00082242
-0.0028853
-0.014465
-0.012063
-0.012405
-0.015229
-0.013317
-0.024263
-0.020439
-0.018096
0.010817
0.014381
0.0041303
0.0022391
-0.0072048
-0.009042
-0.010207
-0.013327
-0.009556
-0.01347
-0.011481
-0.004843
-0.0099188
-0.015233
-0.0044343
-0.013499
-0.01137
-0.018967
-0.0050304
-0.016851
-0.0079928
-0.0072325
-0.016432
-0.01344
-0.013428
-0.013201
-0.012468
-0.0095486
-0.0059511
-0.011186
-0.0092194
-0.0088167
-0.011092
-0.0039431
-0.010103
-0.016509
-0.015114
-0.0062895
-0.017167
0.0052026
0.019966
0.056381
0.056529
0.06254
0.055893
0.038026
0.039897
0.031572
0.02155
0.023107
0.021335
0.016472
0.03998
0.021293
0.020238
0.013842
0.013265
0.0096618
0.0055288
-0.0048469
-0.006721
0.00052866
0.0046164
-0.00021218
-0.00053993
-0.0042164
-0.0058281
0.0046146
-0.0080806
-0.013307
-0.014863
-0.01148
-0.0088416
-0.0097949
-0.0093097
-0.019269
-0.015946
-0.0097857
-0.0088677
-0.012451
-0.012161
-0.011055
-0.012593
-0.0059829
-0.0078309
-0.013319
-0.010574
-0.01208
-0.010532
-0.0058107
-0.017989
-0.010277
-0.011937
-0.012894
-0.0099094
-0.019666
-0.0099726
-0.013754
-0.0061909
-0.011465
-0.014729
-0.0068536
-0.013835
-0.014425
-0.010998
-0.0116
-0.016444
-0.0078126
-0.0082547
-0.011245
-0.0097893
-0.0064904
-0.015839
0.013928
0.032849
0.033939
0.031541
0.017296
0.010454
0.022401
0.013063
0.036366
0.042303
0.034025
0.03309
0.020882
0.019404
0.012576
0.007894
-0.00022098
0.0057938
0.0023466
-0.0027603
-0.009061
0.0028647
0.014173
0.02812
0.0096235
0.002509
0.0030942
0.0076828
0.01145
-0.0056473
-8.3149e-05
-0.0020136
-0.00050046
-0.00066439
-0.0063608
-0.0069661
-0.0055344
-0.0059874
-0.0054083
-0.0071026
-0.0047319
-0.0048228
-0.0055983
-0.0031431
-0.0048925
-0.0065917
-0.016836
-0.012515
-0.016719
-0.0067315
-0.0084325
-0.010708
-0.0072128
-0.0047449
-0.0084563
-0.012779
-0.0091621
0.001035
-0.0020896
-0.0039824
-0.0080577
-0.0098468
-0.018442
-0.011354
-0.011725
-0.01388
-0.011667
-0.024783
-0.016415
-0.013709
-0.015651
0.0077464
0.011839
0.0062247
0.0039968
-0.0056284
-0.0021736
-0.0061112
-0.0049341
-0.0080305
-0.0084607
-0.0145
0.015678
0.027199
0.040978
0.032636
0.02297
0.0188
0.028218
0.030147
0.038805
0.028441
0.018712
0.0042552
0.0093698
0.0020561
-0.00036541
-0.0059987
-0.0091928
-0.0010979
-0.0066551
-0.0086481
-0.01325
-0.0034256
-0.014252
-0.011959
-0.017936
-0.014098
-0.010966
-0.0078822
-0.010809
-0.0048696
-0.013928
-0.019288
-0.0073054
-0.01208
-0.0089177
-0.016557
-0.0090144
0.011036
0.013931
0.020182
0.034079
0.031265
0.029779
0.026007
0.015571
0.011058
0.012713
0.013156
0.0040357
0.00454
0.00061589
-0.0018632
0.00049401
0.0021862
0.0026459
-0.0042735
-0.0094389
-0.0013213
-0.0056355
-0.0018045
0.0026348
-0.0077836
0.00015123
-0.0099875
-0.0091959
-0.011253
-0.011539
-0.0083573
0.0023522
0.0012061
-0.0032111
0.00036856
-0.0031724
-0.0071311
-0.0084629
-0.012875
-0.015331
-0.017383
-0.010208
-0.013479
-0.025
-0.023277
-0.025908
-0.012166
-0.011119
-0.028162
-0.02116
-0.0049475
0.0016168
0.023254
0.014503
0.0087645
0.013495
0.018898
0.002825
0.00026946
0.017452
0.030195
0.020308
0.017181
0.017834
0.0084855
0.0048742
0.007669
0.00021699
-0.0038629
-0.0029005
0.0057756
0.0052539
0.0052645
0.0030591
0.0074149
0.003392
-0.0092786
-0.0066861
0.015315
0.01324
0.0055464
-0.00077309
-0.0033947
-0.0091276
-0.014919
-0.012558
-0.0056923
-0.014737
-0.0057988
-0.0036254
-0.0029071
0.0084216
0.0070731
2.7645e-05
0.0041406
-0.00088325
0.0063287
-0.0034405
0.0016547
-0.018132
-0.016794
-0.028844
-0.0070843
-0.0067975
1.1829e-05
-0.0023032
0.0060737
0.0082052
0.010926
0.0037272
0.0069954
0.007548
0.012357
0.010084
-0.0070793
0.0082003
0.0085421
0.012025
0.015222
0.015356
0.019344
0.024033
0.029533
0.025947
0.026162
0.0098191
0.014458
0.0092355
0.0037449
0.0073007
-0.0084728
-0.0050986
-0.0094288
-0.025789
-0.026554
-0.023555
-0.014076
-0.0126
-0.019384
-0.023115
-0.018245
-0.023997
-0.024265
-0.020953
-0.02275
-0.01674
-0.022126
0.002426
0.0006492
-0.0079543
-0.0057794
-0.0096861
0.01559
0.0056268
-0.003692
-0.0060663
0.0086333
0.015094
0.011468
0.013722
0.0018953
-0.003121
0.017943
0.005771
0.014642
0.0015239
0.00029732
-0.0057636
-0.0098685
-0.01211
-0.01174
-0.011463
-0.0096893
-0.0023056
-0.0081931
-0.012564
-0.0083338
0.00064928
-0.0041084
-0.0061997
-0.010336
0.0099978
0.0099928
0.025411
0.034333
0.029233
0.0079594
0.011814
0.024189
0.020743
0.025084
0.025342
0.013373
0.013237
0.013228
0.0078855
-0.0061852
-0.0039385
-4.0279e-05
-0.0052937
-0.004289
-0.011128
-0.011943
-0.0063296
-0.013169
-0.0060116
-0.00064255
0.0012743
-0.0098644
-0.0080623
-0.014218
0.004719
0.0040868
-0.006848
-0.0097481
0.0054577
-0.0010989
0.0011029
-0.0025832
-0.0079822
-0.0093918
-0.0066589
-0.0085063
-0.0019207
-0.00094811
-0.0022604
-0.012285
-0.01034
-0.0040449
-0.0042445
-0.0036319
0.0069523
0.014782
0.011352
0.017083
0.011476
0.009332
0.0060919
0.0041127
0.0016318
-0.0065593
-0.0083474
-0.010656
-0.0047417
-0.0071687
-0.0029423
-5.8333e-05
-0.0073091
-0.0023004
-0.00054062
-0.0084737
-0.003657
-0.0020559
-0.0039932
-6.2619e-05
-0.0037598
-0.01055
-0.0057145
-0.0076416
-0.002282
0.0090388
-0.0055463
-0.0059791
-0.0047559
-2.0447e-05
-0.0073982
0.0056238
-0.010417
-0.0011879
-0.0065166
-0.0015874
-0.0036514
-0.0014279
-0.0076281
-0.003343
-0.0051034
0.0020882
0.010508
0.017399
0.02423
0.031562
0.037482
0.023858
0.017028
0.010826
0.0036572
0.0050017
0.023248
0.021889
0.015449
0.0051595
0.0052559
0.0022924
0.0008857
-0.0044681
-0.0069357
-0.013814
-0.0069039
-0.012512
-0.0069039
-0.017153
-0.020993
-0.011157
-0.015653
-0.014012
-0.0022721
-0.0069378
0.0066568
0.022503
0.010717
0.00078659
-0.0073186
-0.0057479
-0.013639
-0.0095291
-0.0184
-0.014377
-0.012329
-0.014959
-0.021303
-0.020072
-0.017554
-0.011373
-0.020133
-0.014764
0.007183
-0.0028241
-0.0050523
0.00083584
0.0088107
0.022554
0.019695
0.0087856
0.024999
0.02559
0.017682
0.012382
-0.00069211
0.023864
0.024741
0.0098823
0.016174
0.0071546
0.0026772
-0.0041298
-0.0019723
-0.0088134
-0.0032903
-0.011242
-0.0087717
-0.0086619
0.001812
-0.00064139
-0.001659
-0.00041367
-0.0025936
0.00067675
-0.0047188
-0.0044172
-0.0059583
-0.0045311
-0.0090641
-0.00022095
-0.0045527
-0.007807
-0.0016386
-0.0040066
-0.0048445
-0.0035221
0.00096762
-0.0024517
0.0048305
-0.0028573
0.00014718
0.0029767
0.001223
0.0016642
-0.0030528
0.0012965
0.0029024
0.0046532
0.014014
0.0018245
0.0087935
0.010069
0.0084552
0.0056679
0.011496
0.011871
0.00069715
0.0035523
0.0033736
0.0034343
-0.00045211
0.0033539
-0.0017399
0.0052928
0.0010487
0.0072277
-0.0069445
-0.00036654
-0.0012554
0.0029267
-0.0040703
-0.00028729
-0.0026819
-0.0011421
-0.0024521
0.0002973
-0.00195
-0.012333
-0.0071567
-0.013971
-0.015031
-0.014082
-0.013833
-0.01495
-0.01335
-0.011002
-0.014523
-0.013362
-0.022429
-0.015552
-0.025265
-0.016657
-0.01399
-0.018902
-0.0020624
0.007967
0.016075
0.026931
0.030462
0.036466
0.037644
0.026095
0.022133
0.0087456
0.0026295
-0.0026094
0.0014317
-0.0025944
0.014217
0.0082549
0.00028714
0.0035156
-0.0081229
-0.010925
-0.0076114
-0.0031709
-0.0068627
-0.0036237
-0.018985
-0.026634
-0.021827
-0.0057407
-0.0057863
0.0076841
0.01341
0.024953
0.019163
0.022347
0.019167
0.02345
0.016263
0.022161
0.010647
0.010444
0.003289
0.0077954
0.0028848
0.0041845
-0.0060132
-0.013448
-0.0085232
0.0037657
0.009705
-0.00025636
-0.01458
-0.0098177
-0.010344
-0.017168
-0.0049263
0.0033657
-0.0088563
-0.0082051
0.0050402
0.0017022
-0.0018196
0.00135
0.0019337
-0.00019919
-0.0015134
0.00074569
-0.0080695
-0.0012608
-0.008501
-0.0084396
-0.017434
-0.016447
-0.019751
-0.015741
-0.022389
-0.022245
-0.017384
-0.016188
-0.018862
-0.019805
-0.011431
-0.011539
-0.0094981
-0.0065035
-0.0052378
0.00077852
0.0037544
0.011067
0.014953
0.013308
0.013538
0.013318
0.014512
0.0093226
0.0079245
0.014258
0.013893
0.0030007
0.016404
0.0058099
0.014506
0.014876
0.017186
0.015118
0.017621
0.01814
0.019642
0.023208
0.03285
0.020463
0.024033
0.012535
0.0099667
0.0099396
0.0067099
0.0082089
-0.0078086
0.0052468
0.0074768
0.00018861
-0.0011444
-0.013915
-0.023014
-0.013733
-0.019435
-0.025449
-0.024358
-0.015239
-0.01172
-0.018819
-0.016962
-0.028668
-0.023989
-0.0092321
-0.0084579
-0.022495
-0.023889
-0.019329
-0.023893
-0.025985
-0.026941
-0.025999
-0.007315
0.00012755
3.6474e-05
0.00093146
0.019327
0.035727
0.04149
0.049333
0.040585
0.037066
0.026126
0.018546
0.01134
0.00018134
0.013303
-0.0041875
-0.00061505
-0.010913
-0.0051871
-0.017889
-0.014723
-0.023237
-0.019392
-0.021287
-0.018544
-0.016751
-0.0231
-0.014564
0.0082676
-0.0019103
-0.006975
0.023157
0.016805
0.0093463
0.0093933
0.007617
0.0066463
0.018209
0.021228
0.015379
0.0018223
0.01203
0.036711
0.025557
0.012424
0.012899
-0.00067344
0.0013488
0.00039075
-0.0054322
-0.0086836
-0.0097501
-0.0094556
-0.023365
-0.018609
-0.018885
-0.02054
-0.02252
-0.022884
-0.01801
-0.018227
-0.0096966
-0.013152
-0.0038749
-0.012303
0.0028451
0.006193
0.026574
0.024234
0.018339
0.014182
0.026197
0.023339
0.017226
0.006014
0.0041115
0.0076167
-0.0078475
-0.003586
-0.009339
-0.011722
-0.014041
-0.012433
-0.016283
-0.011279
-0.018965
-0.010807
0.0051893
0.018905
0.01414
0.026955
0.011948
0.0090955
0.0040141
-0.0022005
0.0051582
0.0068579
-0.0015515
-0.0027103
-0.0063329
-0.01155
0.001495
-0.0052845
-0.0047024
-0.010418
-0.0066027
-0.0044531
-0.0052345
-0.0071531
-0.0099781
-0.004086
-0.0069936
-0.0077466
0.0091564
0.0046408
0.0042684
0.01683
0.011587
0.0075561
0.0033393
0.000808
0.0017434
-0.0037506
0.0028252
-0.0024438
0.0045696
-0.0015248
0.00099138
-0.0045658
-0.0019789
-0.0041985
0.0032118
-0.010976
-0.0066366
-0.0097269
-0.0068352
-0.013552
-0.008689
-0.0052647
-0.005972
-0.0049087
-0.0080918
-0.01336
-0.0085565
-0.013293
-0.0013592
-0.013732
-0.0072298
-0.014652
-0.0069359
0.00035689
0.021435
0.032076
0.028614
0.027114
0.026243
0.03424
0.029257
0.038088
0.056782
0.044174
0.024432
0.018675
0.010022
0.0073591
0.003125
0.0029819
-0.0054147
-0.00049044
-0.013384
-0.010167
-0.014495
-0.01908
-0.019565
-0.012057
-0.019772
-0.018736
-0.021418
-0.025064
-0.025816
-0.026834
-0.021417
-0.022785
-0.031655
-0.032833
-0.027085
-0.026777
-0.027115
-0.023441
-0.028576
-0.029313
-0.032446
-0.021269
-0.015599
-0.0034586
-9.2013e-05
0.020524
0.0059923
0.0058198
0.017256
0.036716
0.045928
0.051462
0.034668
0.02635
0.010824
0.017293
0.02364
0.01929
0.013588
0.00060186
-0.0075134
-0.0097285
0.0024242
0.029564
0.037475
0.04437
0.041845
0.031147
0.019806
0.0071186
-0.00053385
0.015172
0.011626
0.00060203
-0.0007667
-0.0050324
-0.0055562
-0.012435
-0.0073212
-0.016016
-0.021461
-0.016326
-0.0094061
-0.013014
-0.014827
-0.014956
-0.018026
-0.015488
-0.017061
-0.01531
-0.011888
-0.013587
-0.0069015
-0.00020505
0.0015162
-0.0093348
-0.0071925
-0.0058857
-0.010318
-0.0030654
-0.009835
-0.011537
-0.00052825
-0.0065101
-0.006128
-0.0080632
-0.0057859
-0.0064197
-0.0040007
-0.0026074
0.0018019
-0.0019062
-0.0036673
-0.0057411
-0.012082
-0.0060659
-0.0013588
-0.007969
-0.0010792
0.012719
0.011722
0.00010101
0.0031824
0.0027172
-0.0010709
0.0083928
0.030714
0.02543
0.021286
0.018837
0.014088
0.015403
0.015097
0.0087378
0.0091693
0.00028519
0.0010967
0.0072988
0.00034182
-0.0037714
0.0015471
-0.0041516
-0.0085037
-0.0021545
0.0011795
-0.0014337
-0.0023432
-0.0013477
-0.0044342
-0.002203
-0.0037485
0.0021348
0.0073296
0.0026957
-7.5986e-06
-0.002969
0.0066474
0.0027302
0.0073312
0.0098515
-0.0032627
-0.0028925
-0.0087618
-0.004605
-0.0066642
-0.0016719
-0.0035821
-0.0030059
-0.00018799
0.0032835
-0.0028734
-0.0023224
-0.0080258
-0.01234
-0.01163
-0.0060346
-0.0050775
-0.0077705
-0.0084493
-0.014743
-0.0077312
-0.011961
-0.007705
-0.012174
-0.0103
-0.0095776
-0.019426
-0.010335
-0.0078174
-0.0027089
0.0065574
0.032195
0.016254
0.018998
0.017319
0.017308
0.039693
0.028776
0.019159
0.0076738
0.0094161
0.00013043
-0.0033921
0.0039602
-0.0030332
-0.0061562
-0.0099954
-0.0070892
-0.0074065
-0.012353
-0.00056305
-0.004025
-0.0056414
-0.014446
-0.0066131
-0.015085
-0.015108
-0.015072
-0.010791
-0.020499
-0.0020494
0.024097
0.032077
0.027849
0.018963
0.021644
0.01072
0.0089114
0.010147
0.0023682
-0.0066237
-0.00014567
0.001741
-0.0074173
-0.0049926
-0.0045741
-0.0033677
-0.0090888
-0.0055402
-0.0061779
-0.011938
-0.0052495
-0.003565
-0.0086846
-0.0062994
0.0029517
-0.0070085
-0.0095998
-0.0075349
-0.0083526
-0.0023853
-0.0007636
-0.011609
-0.0068584
-0.0061134
-0.0014233
-0.0021014
-0.0085998
-0.0076145
-0.0098288
-0.0034897
-0.0021021
0.0053047
0.0026014
0.010511
-0.0018446
0.0010508
-0.0039409
-0.0012092
0.0017262
-0.0025307
-0.0048431
5.3339e-05
-0.0021769
-0.0059055
-0.0020621
-8.4283e-05
0.0091452
0.0090131
0.030408
0.049766
0.038474
0.032388
0.019952
0.016307
0.024013
0.01948
0.0069531
0.0035328
-0.00026616
0.0011875
0.0080134
0.0042463
-0.0024342
-0.0078527
-0.0081682
0.0011483
0.018543
0.025855
0.018066
0.0080849
0.0047956
-0.00095122
-0.0035326
-0.0055122
-0.0025744
-0.010171
-0.016628
-0.015241
-0.019037
-0.017263
-0.023435
-0.020851
-0.031828
-0.027867
-0.032492
-0.030681
-0.029284
-0.032392
-0.041598
-0.035027
-0.042175
-0.036133
-0.043496
-0.051784
-0.048923
-0.047892
-0.043631
-0.028112
0.018931
0.038768
0.043396
0.040918
0.039247
0.04232
0.034476
0.044142
0.045804
0.036261
0.033009
0.031561
0.029613
0.030889
0.038552
0.02979
0.023336
0.026458
0.015374
0.015068
0.014208
0.0042534
-0.00996
-0.0033469
0.0052213
0.0046321
0.0050786
0.005112
0.0044461
-0.0061472
-0.018392
-0.016969
-0.0085873
0.0053272
0.0093962
0.0056508
0.0079668
0.0086191
-0.00083684
-0.0074899
-0.008383
-0.0053541
0.0024859
0.00086612
-0.0016481
-0.0073364
-0.012055
-0.0095284
-0.023926
-0.032203
-0.030115
-0.01666
-0.015395
-0.0087869
0.0010179
0.0018772
-0.0025207
-0.0075994
-0.0039378
-0.0070592
-0.012577
-0.021069
-0.027668
-0.034923
-0.037017
-0.012181
0.0072231
0.016211
0.022547
0.013807
0.010417
0.013545
0.0041199
0.0021566
-0.0013675
-0.01234
-0.00035875
0.010404
0.011934
0.010222
0.023136
0.013213
0.016812
0.022881
0.021187
0.016638
0.007748
0.010718
0.0090392
0.016421
0.010607
-0.0025396
-0.012301
-0.013392
-0.021899
-0.027546
-0.0076831
0.0093572
0.01061
0.006817
-0.0048843
-0.011784
-0.017608
-0.006328
0.0023863
-0.00014436
-0.015751
-0.0029672
-0.013906
-0.013654
-0.025398
-0.021795
-0.020908
-0.0064784
0.0044663
-0.002919
-0.0087257
0.00018375
0.0086049
0.0097335
0.00029321
0.0068429
0.0014597
0.015015
0.013272
0.010185
0.0042808
0.015483
0.01172
0.0098052
0.010976
0.015333
0.013813
0.0023496
-0.00043845
-0.00039832
0.0070283
0.0038478
0.015105
0.015475
0.012168
0.0020262
-0.0023149
0.0085885
0.0118
0.012256
0.014363
0.0097049
0.010578
0.0078454
0.011042
0.0045874
-0.0032027
-0.016035
-0.0054245
0.0053527
0.00088653
-0.0048721
-0.0081729
-0.010753
-0.01246
-0.014954
-0.010041
-0.025785
-0.025095
-0.018563
-0.0067796
-0.01101
-0.023818
-0.011249
-0.020477
-0.013148
-0.0087703
-0.0097987
-0.010419
-0.016534
-0.0075968
-0.01729
-0.021526
-0.018267
-0.022861
0.00023662
0.01137
0.011248
0.010456
-0.00034018
0.0082466
0.011659
0.0074358
0.018674
0.0094996
0.010997
0.018073
0.0096222
0.011977
0.0066134
0.012551
0.019584
0.0071518
0.013739
0.0084083
0.011578
0.015587
0.02375
0.017585
0.013101
0.011562
0.010559
0.012778
0.001508
0.0010526
0.00056238
-0.00085258
0.0024414
-0.0059839
-0.0056255
-0.0054443
0.00065235
-0.0091534
-0.015803
-0.020648
-0.020439
-0.014921
-0.012208
-0.014347
-0.007416
-0.0013891
-0.0033398
-0.0094087
-0.0087066
-0.0089537
0.0059472
0.00090837
-0.0058436
-0.00046624
-0.01125
-0.0010913
-0.0095546
-0.0081542
-0.017808
0.0047357
0.0047429
0.0070016
0.011322
0.011938
0.012185
0.0050271
-0.00027306
0.0041836
0.0039639
-0.005881
0.0059119
0.00034936
-0.0067865
-0.007148
0.00040176
0.01691
0.0039531
0.009005
0.0024086
0.0084249
0.009355
0.012712
0.003568
-0.0085138
0.0037068
-0.0055993
-0.0060018
-0.0070444
-0.0034482
0.0069825
0.012033
0.0080123
0.0066518
-0.0031524
-0.013612
-0.011571
0.0007189
0.0098132
0.005223
0.020079
0.01279
0.0075163
-0.0061742
-0.0057935
-0.0098378
-0.0098506
0.00029397
-0.0071484
-0.0039912
-0.013276
-0.0029789
0.0030881
0.0022571
-0.0020382
-0.0018973
-0.0062232
0.0034857
-0.0037157
-0.0054273
-0.012088
-0.011275
-0.01416
-0.019055
-0.014261
-0.006853
-0.0026684
0.0086053
0.0013363
-0.00016996
0.0052864
0.010906
0.0098992
0.0073621
0.0046699
0.0065953
0.00073129
0.0025105
-0.0018069
-0.0028173
-0.0060369
-0.0086325
-0.0085895
0.0014277
-0.00023353
0.0018012
0.013983
0.0032964
0.0067449
-0.0006653
0.0046318
0.0021059
0.0093802
0.0082159
0.0079449
0.0070381
0.013069
0.0087712
0.0064776
0.0045004
-0.0020726
-0.0034976
-0.0034204
-0.0045073
-0.0092699
-0.014602
-0.0028478
0.0015174
0.0086269
0.0046614
0.007884
0.005144
0.0084991
-0.0061263
-0.00026064
-0.0074357
-0.0068971
0.0089605
0.0010319
-0.0018577
0.0036978
-0.0025465
-0.0099827
0.004281
-0.013269
-0.0083836
-0.0093378
-0.0078313
-0.0052892
0.0013442
-0.0010374
-0.0068651
-0.010853
-0.010893
-0.0080052
-0.0053753
-0.0014516
0.013872
0.0018512
-0.0084448
-0.0010389
0.017889
0.014025
0.015291
0.02713
0.025598
0.016431
0.0097662
0.0072205
-5.2838e-05
-0.0042309
-0.003043
-0.0066631
-0.0062147
-0.017781
-0.02333
-0.011333
-0.023255
-0.018461
-0.020019
-0.0059205
0.018307
0.00088469
0.0030625
0.0082103
-0.0012225
-0.0018778
-0.0062831
0.0015827
0.0018756
-0.00031171
0.013155
0.013768
0.011319
0.0037045
-0.0040451
0.00040187
-0.005295
-0.0032193
-0.0037343
-0.011223
-0.0017676
0.00069885
0.010867
0.013231
0.017832
0.0026411
-0.0060614
-0.0084279
-0.003381
0.00040343
0.014687
0.021545
0.016853
0.0035468
0.0035755
-0.010948
-0.011453
-0.010024
-0.012353
-0.017352
-0.014245
-0.018063
-0.010345
-0.008029
-0.0085909
0.0034207
0.009865
0.017889
0.01648
0.0052483
0.0001258
0.00069069
-0.010758
-0.0046813
-0.0025476
-0.0098514
-0.0030137
-0.014047
-0.010614
-0.015765
-0.012155
-0.019873
-0.021916
-0.013882
0.0086753
0.0070732
0.014165
0.024391
0.01875
0.020097
0.006564
0.015587
0.016529
0.022457
0.024729
0.020708
0.017002
0.021455
0.012665
0.012969
0.017672
0.025757
0.018584
0.0018411
-0.0063331
-0.011707
-0.0050098
-0.013289
-0.016169
-0.014839
-0.018283
-0.021092
-0.015235
-0.01364
-0.0026713
0.0015126
0.0030613
-0.0015484
0.0002911
-0.017601
-0.0096201
-0.0065685
-0.010151
-0.0058936
-0.0052663
-0.010123
-0.016031
-0.011479
-0.016689
-0.013367
-0.012839
-0.012353
-0.011195
-0.014857
-0.019028
-0.002986
0.007246
0.017013
0.024771
0.021054
0.015878
0.0057581
0.0026203
-0.00038664
0.012323
0.0051666
-0.0020801
-0.013207
0.0031351
0.0095385
-0.0041629
-0.011019
-0.0181
-0.0093497
0.0059946
0.01307
0.0022512
0.0080287
0.016863
0.0072822
0.0057052
0.012242
0.016402
0.01231
0.014599
0.0029767
0.009708
-7.4773e-05
-0.007359
-0.010356
-0.0098454
-0.0093694
-0.015303
-0.0087293
0.0030776
-0.00029955
0.0023937
0.0078
0.010896
0.0095003
0.0029988
0.01088
0.0072386
0.0017351
0.0018767
-0.0011349
-0.0041589
2.1643e-07
0.00036727
0.0014431
-0.0012779
0.012006
0.0034925
0.0053115
0.0029503
0.0074966
0.0054631
0.0058947
0.00107
-0.0041652
9.9777e-05
-0.0048171
-0.0012272
-0.0080719
-0.0081358
-0.0091129
-0.017352
-0.017437
-0.0064503
0.0017013
-0.0066651
-0.01513
-0.014554
-0.0065556
0.0045177
0.0034527
0.0016126
0.0016779
-0.0045596
-0.0079362
-0.0050798
0.0061951
0.0046805
0.0086794
-0.001546
-0.0081956
-0.0022722
-0.0049848
-0.0015988
-0.010653
-0.014896
-0.0050198
-0.013518
-0.005265
-0.004329
-0.0012879
-0.0034694
0.01114
0.018916
0.013079
0.012594
0.0028404
-0.0012807
0.012773
-0.0017362
-0.005816
-0.0017298
0.0015309
-0.0026164
-0.001658
-0.0018515
0.011309
0.0060973
0.014553
0.025214
0.014027
0.015387
0.015905
0.010708
0.010903
-0.01255
-0.015505
0.0039
0.0075889
0.0017291
-0.0077993
-0.011931
-0.016693
-0.021901
0.0086149
0.010348
-0.0048208
-0.0065668
0.005323
-0.0047341
0.004396
-0.0058478
-0.0087855
-0.016161
-0.0067505
0.0062039
-0.0024397
-0.015093
-0.012292
-0.00056792
-0.00037135
0.0014493
0.0099714
0.026797
0.0016323
-0.0039204
-0.015914
-0.017425
0.0044103
0.017382
0.014319
0.018406
0.016514
0.0080428
-0.0094967
-0.0019435
-0.0097993
-0.014609
-0.0089559
0.0070175
0.0017539
-0.0019598
-0.0048632
-0.0083195
0.0081911
0.013759
0.013106
0.0064872
-0.0030556
-0.0075454
-0.015032
0.0081631
0.01661
0.0017371
0.0097531
-0.0015358
0.013119
0.017808
0.017155
0.010796
0.00094903
0.003885
-0.01209
-0.009961
-0.0085001
-0.024308
-0.019392
-0.0084063
-0.0093883
-0.023164
-0.009979
-0.0057403
-0.014015
-0.018156
-0.0039017
0.0078688
-0.0050742
-0.01716
-0.026875
-0.023591
-0.024451
-0.010665
-0.021403
-0.014498
-0.0038642
-0.005556
0.00013484
0.0034862
0.014746
0.012061
0.0049626
0.018237
0.021014
0.024497
0.031445
0.028393
0.02453
0.02408
0.018489
0.012566
0.017493
0.018862
0.010252
0.0089378
0.013894
0.022728
0.01287
0.0054085
0.0064602
0.01357
0.015457
0.0066448
0.00072989
-0.0015377
-0.0039974
-0.0051096
-0.0066831
-0.014726
-0.010831
-0.013217
-0.014298
-0.020161
-0.017173
-0.01851
-0.021265
-0.023612
-0.0080273
-0.0029915
-0.010025
-0.0082669
-0.0039111
-0.003016
-0.0088044
-0.0041986
-0.012158
0.0026529
0.0019698
0.0046242
-0.0059309
-0.0085209
-0.00058585
-0.0050382
-0.0049343
-0.0026528
0.0085788
-0.0012134
-0.0084651
-0.0052672
-0.015354
-0.0086703
0.01023
0.005028
0.0084992
0.0050507
0.0049874
0.0086531
0.011338
0.0054329
0.0031236
-0.0054099
-0.015524
-0.0079612
0.0016971
0.00080773
0.0084643
0.012323
0.01137
-0.00074661
0.0035188
0.0034631
-0.0018041
0.00039983
-0.0060661
-0.0021379
0.010053
0.021987
0.018088
0.014491
0.0056957
0.0050816
0.0028403
-0.012227
0.018745
0.026369
0.023698
0.017392
0.01335
-0.004855
-0.0086068
0.0075086
-0.0013096
0.010897
-0.0024696
-0.011482
-0.018455
-0.021676
-0.02278
-0.022823
-0.031539
-0.029671
-0.030233
-0.020695
-0.0087591
-0.01044
-0.0090271
-0.0064933
0.011451
0.024571
0.030474
0.020039
0.0077974
-0.0048065
0.00043934
0.003113
0.0028208
-0.0076998
-0.017284
-0.00656
-0.0048076
-0.00081325
-0.0037998
-0.0069936
-0.0010857
-0.011956
-0.0018894
0.017986
0.0098381
0.018033
0.008776
-0.0016611
-0.0026986
-0.0032025
-0.012379
-0.0077409
-0.0043911
0.0034124
0.016879
0.012077
0.0097635
0.0072137
0.02143
0.018521
0.014381
-0.0039157
0.0074211
0.01257
-0.0027409
-0.0059599
0.010794
0.012305
-0.0079349
-0.0056909
0.014829
0.0097614
0.0059667
0.0023532
-0.01683
-0.016106
-0.02468
0.00035362
0.0044006
0.0035009
0.0060952
0.00029139
4.7632e-06
0.00043589
-0.012347
-0.0053997
-0.0052884
0.0049087
-0.0032924
-0.0094878
-0.0091229
-0.0048861
-0.0049503
-0.016331
-0.0047267
0.0028396
0.002538
-0.0058104
-0.013051
-0.018021
-0.0058657
-0.0071237
-0.0072249
-0.0023132
-0.00077972
-0.0054878
-0.011571
-0.0003701
0.0040079
-4.9109e-05
-0.0086342
-0.0068482
-0.011683
0.00014842
0.00047974
0.0023087
-0.00090699
0.0017676
-0.0005589
-0.0030765
0.00073027
0.010087
0.020245
0.0097739
0.015769
0.013652
0.0042178
0.0087526
0.017972
0.014285
8.3728e-05
0.0034715
-0.0026992
-0.0096159
2.2734e-06
0.0098786
0.0070609
0.0065075
0.0074827
0.0066079
0.0044463
0.006415
0.002329
0.010787
0.018717
0.0044136
0.0032652
0.0034364
0.00012504
-0.0020193
0.0022328
0.0046165
-0.0030001
-0.013516
-0.0041401
0.0014491
0.0050196
0.019149
0.0044877
0.0012503
-0.015075
-0.022348
-0.026589
-0.010315
-0.016868
-0.0031298
-0.0027963
0.01408
0.0063549
0.0077305
0.00048819
0.0079253
0.0029943
0.00010716
0.0070596
0.0081182
0.010011
0.0035078
-0.0024029
0.0046021
0.00072223
-0.019572
-0.02572
-0.021345
-0.013218
-0.02169
-0.016905
-0.0081939
0.0019002
0.0017698
0.0016278
-0.0090161
-0.011055
-0.015331
-0.0024603
-0.008115
-0.0028302
-0.012632
-0.01064
-0.0065144
-0.0069923
-0.0034735
0.002948
0.004629
0.0036647
-0.008556
-0.013944
-0.0092265
-0.0035595
-0.0032701
0.002573
-0.0054135
0.0036321
0.0085824
0.00686
0.0089245
0.018353
0.0087105
0.013286
0.0093177
0.012
0.016073
0.011571
0.010751
0.010675
0.017059
0.013478
0.0072562
0.014703
0.014831
0.015676
0.019455
0.013479
0.008461
0.01616
0.016866
0.016132
0.019259
0.018275
0.023918
0.018864
-0.00036293
-0.021203
-0.025773
-0.033233
-0.035996
-0.033642
-0.01959
0.0048933
0.0073418
0.010176
0.010112
0.008886
0.0033317
0.0016784
-0.0058985
0.00014259
-0.0075061
-0.017713
-0.013756
-0.022544
-0.032987
-0.019367
-0.0049567
0.0079367
0.0028664
0.0011982
0.013755
0.003092
0.0031655
0.0071739
0.0070034
0.0054986
-0.0048144
-0.0056986
-0.0018637
-0.016308
-0.01544
-0.020641
-0.014998
0.0062439
0.0045404
-0.013593
-0.026206
-0.022695
-0.0085781
-0.0097869
-0.0030973
-0.010119
0.0030589
-0.0007451
-0.015489
-0.01281
-0.017348
-0.021937
-0.014452
-0.011115
0.012194
0.010266
0.015907
0.026277
0.017601
0.018097
0.016676
0.021823
0.018958
0.0077615
0.016899
0.0083263
0.0068818
0.0091806
0.0042639
0.016019
0.0033891
0.00973
0.0064022
0.0092874
-0.0043576
-0.0059602
-0.0064188
0.0048532
-0.0040374
0.013671
0.018272
0.010453
0.0089878
-0.0021591
-0.010875
0.004326
-0.0011409
-0.0035843
0.0056933
0.0041841
0.0028701
0.0044515
0.010043
0.012474
0.018708
0.014389
0.014444
0.012796
0.010228
0.00020011
-0.0062677
-0.010025
-0.0017546
-0.0093014
-0.016205
-0.0028242
-0.0055137
-0.01003
-0.010565
-0.011502
-0.011441
-0.0098266
-0.0066259
-0.0038723
-0.012015
-0.013486
-0.018996
-0.022822
-0.024471
-0.011067
-0.014437
-0.013655
-0.0068541
-0.019772
-0.0036912
-0.0011386
0.0051295
0.0030487
-0.00017937
-0.0007934
0.00077294
-0.00064009
0.010434
0.0035832
0.0055366
-0.0086731
-0.010529
-0.017004
-0.0080993
-0.0043614
0.004968
-0.00062216
-0.0086961
0.0004331
0.014638
0.0069961
0.0023738
0.022436
0.012972
0.0078672
0.013188
-0.0013357
-0.0055745
0.0073522
0.016415
0.0021872
0.0081398
0.0048326
0.0010461
-0.0030327
0.0051173
0.01905
0.019827
-8.418e-05
0.018097
0.025814
0.023814
0.017311
0.00095919
0.00017909
-0.0062126
-0.0094802
-0.0022868
0.013051
0.015805
0.019113
0.012348
-0.00069536
0.007183
-0.0037462
-0.0081676
-0.011894
-0.0011362
-0.0017517
-0.0088224
-0.01822
-0.011502
-0.013718
-0.015444
-0.034477
-0.018869
0.0047054
0.0058009
0.020218
0.012686
-0.0015093
-0.0040937
-0.016055
-0.023716
-0.02344
-0.028956
-0.0091885
-0.014577
-0.021
-0.02779
-0.035039
-0.044727
-0.040825
0.0017883
0.017536
0.024757
0.015447
0.0028438
0.0039858
0.026552
0.037161
0.043662
0.03598
0.03768
0.032382
0.026148
0.026226
0.018309
0.016927
0.011594
-9.298e-05
-0.0070853
-0.01599
-0.015013
-0.013243
-0.017551
-0.028337
-0.020149
-0.020002
-0.014541
-0.013259
-0.013411
-0.00974
-0.021321
-0.025248
-0.027055
-0.015594
0.0034722
0.012933
0.017929
0.022978
0.010883
-0.0055488
0.0139
0.016059
0.018769
0.019571
0.020521
0.023586
0.034733
0.02352
0.013847
-0.0041392
-0.0094901
-0.019707
-0.020096
0.0081087
0.007609
-0.00029148
-0.00090065
-0.014085
0.015639
0.017966
0.0067254
-0.014214
-0.019378
-0.020113
-0.023703
-0.022097
-0.012264
0.01106
0.017252
0.0055936
0.0097017
0.024225
0.01285
0.00096201
-0.0085065
-0.0054424
-0.020642
-0.024793
-0.010553
-0.019129
-0.0010542
0.0068782
0.002692
-0.0023111
-0.0049073
-0.01021
-0.012469
-0.016073
-0.011568
-0.015788
-0.017581
-0.021054
-0.0053551
0.017543
0.010874
0.012212
0.018093
0.027158
0.030441
0.014907
0.0019388
-0.0018193
-0.0047395
0.0080825
0.01346
0.0091232
-0.0016784
0.0050322
0.010833
-0.010665
-0.012475
-0.010555
0.0084082
0.0012286
-0.0034606
-0.013056
-0.012301
-0.0069601
0.012258
0.0050874
0.012311
0.018286
0.012788
-0.0043515
-0.0041463
-0.011528
-0.00060449
0.0036751
-0.0015767
-0.0044353
-0.01153
-0.0091603
-0.014388
-0.014487
-0.02732
-0.017599
-0.001636
-0.0023332
-0.0066972
0.010879
0.016958
0.02244
0.012573
0.01072
0.016608
0.0087079
-0.0027933
-0.0033355
0.011693
-0.0020589
-0.0058073
-0.0025121
0.014213
0.010607
-0.0059014
0.0043877
-0.0050277
0.0020765
0.0048362
-0.0013247
0.004219
-0.0030553
0.015665
0.010226
0.0048185
-0.0082168
-0.015463
0.0040803
0.013888
0.013553
-0.00080352
-0.0020264
-0.01116
-0.0061352
-0.017009
-0.022154
-0.020486
-0.0097363
0.010691
0.011666
0.021981
0.019579
0.013398
-0.00021378
-0.0012817
0.0037101
-0.010573
-0.0011536
-0.0076325
-0.0082962
-0.012981
-0.0046344
-0.0020373
-0.011665
-0.0035131
-0.00025432
-0.0085201
-0.01702
-0.0019537
-0.0096224
-0.014852
-0.0083807
-0.021035
-0.011123
0.000875
0.0018254
0.0070727
0.0039321
0.0010144
-0.0091928
0.0021363
0.012352
0.0023959
-0.0066878
-0.01219
-0.0056778
0.0048322
0.00033073
-9.2121e-05
0.01186
0.025681
0.016099
0.015337
-0.0035494
-0.023671
-0.020977
-0.025638
-0.0062095
0.0092928
0.018342
0.016006
0.015404
0.011546
0.011647
0.011074
0.010453
0.016473
0.018671
0.02357
0.010149
0.015574
0.0026212
0.0055941
0.003716
-0.016206
-0.029863
-0.014835
-0.022714
-0.00022079
0.0021261
0.011155
0.016283
0.025787
0.030481
0.027778
0.030036
0.026178
0.029117
0.0073263
-0.0013561
-0.017371
-0.027559
-0.028298
-0.031637
-0.024989
-0.024195
-0.028673
-0.010162
0.006485
0.011656
-0.0018444
0.0038565
-0.00078024
-0.004926
0.0073956
0.0082368
-0.00043252
0.0013441
-0.015205
-0.020223
-0.029992
-0.029519
-0.014867
-0.020972
-0.011961
-0.020873
-0.022737
-0.013033
-0.011683
-0.01242
0.0080624
0.0025472
0.0095839
0.0052385
0.0093261
0.0032692
0.0029301
-0.003661
0.00030171
0.0035579
-0.0015527
0.011468
0.013047
0.01845
0.0196
0.010767
0.01132
0.0067087
0.006095
0.0042298
0.0099301
0.0053587
-0.00046074
0.0024297
0.021161
0.0076699
0.0086773
0.001262
-0.0068489
0.0022668
0.0048884
0.0025285
0.0016288
0.00017123
0.013548
0.0060117
0.0038829
-0.0053148
-0.0028651
-0.0099988
0.0027247
0.0037781
0.0058101
0.0043612
0.002238
0.0052024
0.0044567
0.0073228
0.0066586
0.0038168
0.000135
-0.010377
-0.023763
-0.017958
-0.011594
-0.0023447
-0.0097516
0.0018483
-0.0003117
3.8233e-05
-0.0050565
-0.0046853
-0.0046791
0.00028834
-0.0029226
-0.0033211
-0.0044377
-0.0087997
-0.00058733
-0.0015044
-0.014147
-0.0018388
0.0022669
0.00032808
-0.0017019
-0.0017304
-0.0024675
-0.0015305
-0.0036078
-0.0077755
-0.0050041
-0.0041507
-0.009923
-0.020849
-0.031393
-0.032624
-0.034872
-0.052602
-0.039979
-0.027829
-0.015875
-0.016364
-0.012678
-0.0054905
-0.0021979
0.0010621
0.0023939
0.004279
0.0078463
-0.001318
0.0021925
0.0054571
0.0029646
0.0034342
0.0096825
0.0054318
-0.00076756
0.0037126
0.012304
0.0049582
0.00018382
0.0074156
0.0076294
0.00069104
0.0011838
0.0034408
0.01138
0.0093976
0.010302
0.0058678
-0.0018552
-0.0092613
-0.004737
0.00097229
0.010349
0.012323
-0.0011655
0.017883
0.0093952
0.0034591
0.0048393
0.0016643
-0.005883
0.0021908
0.0016917
0.003039
-0.0039768
-0.010662
-0.00026831
0.010713
0.00070624
-3.891e-06
-0.00085706
0.004539
0.0070681
0.0079026
0.0058079
0.00075693
-0.004672
-0.00087873
0.0012391
0.0035571
0.0072792
0.015476
0.015299
0.012647
0.0051128
0.006676
0.0080379
-0.00013606
0.002424
0.0006347
-0.0019857
-0.0030721
-0.017721
-0.030204
-0.046776
-0.031735
-0.019123
-0.018133
-0.01185
0.0022547
-0.00031953
0.0011098
-0.0012687
-0.0029256
-0.0065311
-0.0076127
-0.0047272
0.0044575
0.011239
0.0060917
0.0084566
0.01154
0.0090692
0.0050174
0.0067924
0.013739
0.011988
0.0054559
-0.0019659
0.0066584
-0.0032666
-0.014744
-0.0067459
0.0021334
-0.010292
-0.0069361
-0.0097994
-0.0068076
-0.0020246
0.0024487
0.0051675
0.0068248
0.016682
0.0079859
0.0076369
0.0066071
0.0023958
-0.0044593
-0.0031845
0.0071391
0.0047115
0.0050047
-0.0037903
-0.0035578
-0.0093495
-0.011449
-0.0022448
0.0016994
0.0052232
0.0034426
0.0067308
0.0026935
0.0033999
-0.0055793
0.0030653
-0.00040916
-0.00064701
0.0010091
-0.0089112
-0.0072773
-0.0037854
-0.0021439
-0.0032449
-0.0062994
0.0043927
0.0070198
-0.010409
-0.010174
-0.0052518
-0.00024093
-0.0025617
0.0066093
0.0043793
0.0049855
0.011516
0.011533
-0.0082279
-0.0014889
-0.0024306
0.0019678
0.000713
0.0059936
0.0041701
0.013987
0.0025656
0.0098503
0.0084515
0.0071128
-0.0063957
-0.00048255
0.0083976
0.00040235
0.0051861
-0.0010391
0.00088541
-0.00069612
-0.0087368
-0.0088261
0.00011406
-0.011371
-0.0021553
0.0025548
0.0015798
-0.0036924
0.012971
0.0093194
-0.0006155
-0.0030059
-0.00064301
-0.0057997
-0.021615
-0.011896
-0.02782
-0.015292
-0.018758
-0.017376
-0.017711
-0.0047903
0.0082113
0.012648
0.0085888
0.0042666
-0.0054719
0.0011515
0.005806
0.010494
0.0047795
0.012586
0.010984
0.0070835
0.0071359
0.012649
0.0067308
0.0048392
0.0060887
0.001153
0.0055775
0.0020776
-0.0021971
-0.0037427
0.00076974
-0.002527
-0.0070778
-0.014089
-0.010041
-0.0029475
0.00075787
0.011283
0.01399
0.0044782
0.0071455
0.0060308
0.00089046
0.005622
0.0036281
-0.007847
-0.00015936
-0.0062705
-0.0044871
-0.0070582
-0.0071463
-0.00086915
0.0020132
0.0001773
0.0033573
-0.0052252
0.0027605
0.0068452
-0.0039608
0.0029683
-0.00020168
0.0090231
0.016019
0.014215
0.0075312
0.008269
0.0039047
0.0014561
-0.00022658
-0.010394
-0.019961
-0.01532
-0.01806
-0.015391
-0.016216
-0.014242
-0.0052989
0.00083236
-0.0098971
-0.013848
-0.017098
-0.014257
0.0043335
-0.0042459
0.0010091
0.0074928
0.0087108
0.015233
0.0089642
0.0041157
0.017001
0.01551
0.0096977
0.0089875
0.002712
-0.010348
-0.013271
-0.024298
-0.029576
-0.011603
-0.0091439
0.007688
0.010359
0.014852
0.017556
0.0089621
0.015181
0.018317
0.015791
0.0053405
0.014802
0.013527
0.022242
0.010789
0.011965
0.01383
0.012265
0.0080047
0.013045
-0.0017419
-0.0022355
0.0077707
-0.0025905
0.0016556
0.0080194
0.014581
0.016125
0.0082755
-0.0040605
-0.016426
-0.031228
-0.031215
-0.053986
-0.055355
-0.037819
-0.016858
-0.00529
-0.0030669
0.0068093
0.0059608
0.0029753
0.0055686
0.0096467
-0.012955
-0.02312
-0.01751
-0.037355
-0.020065
-0.0047536
-0.0044361
0.0019698
0.00024627
0.007374
0.0025565
-0.0091661
-0.0041495
0.0029937
0.00058721
0.014993
0.0086316
0.015264
0.010685
0.011982
0.0037883
0.0061086
0.0051829
0.00046722
0.0058796
0.0046833
0.0051778
0.00697
0.011662
0.0060256
0.0066878
0.014942
0.02098
0.021533
0.021227
0.014014
0.011635
0.0062552
0.014759
0.021491
0.013015
0.0059424
-0.0038003
-0.015099
-0.022048
-0.010235
-0.0065568
-0.0036007
0.0016621
-0.0031889
-0.0058376
-0.0094124
-0.017075
-0.0025195
0.002329
0.013516
0.021525
0.021724
0.0003419
0.010814
0.024539
0.030858
0.028319
0.021694
0.019688
0.011781
0.005269
-0.011059
-0.020403
-0.021743
-0.012775
-0.02359
-0.036606
-0.024796
-0.010764
-0.038683
-0.034611
-0.02685
-0.033734
-0.035163
-0.036817
-0.017543
-0.010666
-0.017643
-0.013057
-0.013367
-0.01354
-0.029844
-0.028224
-0.020277
-0.0056974
0.0013995
0.0093501
0.017948
0.01477
0.0023734
0.0098122
0.0051202
0.0046037
0.0022583
0.0065307
0.010432
0.0114
0.008824
0.011658
0.010168
0.017823
0.014228
0.010795
0.0023282
0.0046957
0.016606
0.014459
0.030928
0.023352
0.023553
0.020614
0.027509
0.028819
0.025737
0.013739
0.024196
0.032687
0.016632
0.015001
0.0093125
0.014762
0.0070834
-0.0029456
0.0011991
-0.016947
-0.02233
-0.018905
-0.0048226
0.0015133
-0.0017339
-0.01123
-0.015776
-0.026757
-0.0093949
-0.0036396
0.010844
0.019694
0.022229
0.0176
0.0065056
-0.010737
-0.01166
-0.0057277
-0.0086581
-0.021954
-0.016987
-0.024535
-0.028601
-0.029032
-0.037671
-0.004506
0.01287
0.00020765
-0.0084932
-0.015915
-0.006115
-0.018633
-0.016602
-0.012826
-0.010309
0.0078233
0.0064083
0.022932
0.018881
0.017133
0.0014792
-0.018363
-0.01261
-0.018753
-0.032042
-0.031015
-0.006407
-0.0033254
-0.019757
-0.033731
-0.025362
-0.037881
-0.039768
-0.025428
0.0059941
0.0071732
0.021319
0.034627
0.029656
0.025155
0.028118
0.030657
0.037786
0.025326
0.036486
0.024262
0.017037
0.020305
0.017602
0.022927
0.020966
0.018179
0.016979
0.018894
0.0094086
0.0056746
0.0050027
0.011096
0.00044561
-0.003799
-0.0043547
-0.0058057
-0.0081705
-0.017018
-0.011311
-0.019568
-0.019569
-0.012976
-0.0062876
-0.0037892
-0.0061223
-0.0026044
0.00086262
0.010044
0.0059658
-0.010505
-0.0076534
-0.013442
-0.013219
-0.012434
-0.0012345
0.0059482
0.0095375
0.0097272
0.0081223
0.015709
0.0045599
-0.0075942
-0.023727
-0.026624
-0.038473
-0.033862
-0.013945
-0.0052576
-0.006749
0.0083776
0.0044235
0.0034491
-0.00043814
-0.0082314
0.0033784
0.0098495
0.018237
0.025853
0.030987
0.027496
0.028638
0.024788
0.016703
0.0018341
-0.01211
0.0024815
-0.0069014
-0.022782
-0.026945
-0.013361
0.020763
0.023239
0.023118
0.025707
0.027789
0.023939
0.021129
0.018201
0.0027807
-0.0080637
-0.011466
-0.023898
-0.025317
-0.02926
-0.042862
-0.037061
-0.037251
-0.045141
-0.041624
-0.043121
-0.034291
-0.014363
0.001398
-0.0038182
-0.0065893
-0.01554
-0.016698
-0.0040445
-0.010859
-0.0078239
-0.016164
-0.011732
0.0024896
0.0073234
0.010967
0.017973
0.028968
0.024626
0.026895
0.033688
0.027718
0.019778
0.01506
0.0091627
0.023301
0.019048
0.017944
0.025632
0.029901
0.031388
0.025556
0.0142
-0.00093419
-0.0012765
-0.006522
0.0036866
0.0051096
0.00096512
-0.0035332
-0.006733
-0.0034569
0.0035446
0.010109
-0.0078981
-0.0053051
-6.1372e-05
0.01979
0.019911
0.019964
0.0088656
0.0083855
0.0038141
0.004134
0.00062414
-0.0094532
-0.022904
-0.024084
-0.036373
-0.0068029
-0.0033304
0.0011233
0.0021609
-0.011233
-0.0068897
-0.01848
-0.0015589
0.0067582
0.0042062
0.0092089
-0.0028919
-0.014901
-0.022207
-0.029252
-0.035878
-0.036665
-0.036577
-0.0020342
0.0045678
-0.00054801
-0.0032015
-0.012157
0.002369
-0.0057257
-0.0063488
-0.0082975
-0.018042
-0.020937
-0.034647
-0.016601
-0.020068
-0.032761
-0.029187
-0.043213
-0.037645
-0.026049
0.0060573
0.027434
0.032491
0.040025
0.038006
0.047655
0.036257
0.038374
0.037774
0.040823
0.039896
0.035273
0.03588
0.037455
0.024211
0.032322
0.021922
0.026205
0.034869
0.026708
0.019665
0.0078582
-0.003018
-0.011415
-0.028423
-0.01676
0.0039931
-0.0058403
-0.014495
-0.021578
-0.025299
-0.021036
-0.0088423
0.0021444
0.015532
0.015646
-0.0056018
-0.0065525
-0.006218
-0.014143
-0.022004
-0.02497
-0.029428
-0.023731
-0.02654
-0.030203
-0.028766
-0.011495
0.0044911
-0.010405
-0.015325
-0.017981
-0.014739
-0.015791
-0.026433
-0.017137
-0.020777
-0.019824
-0.011673
0.017979
0.019904
0.030749
0.028896
0.041592
0.049141
0.026473
0.017965
0.017958
0.011823
0.0033489
-0.0050082
-0.0085708
-0.0074432
0.013198
0.0094653
-0.0017101
-0.0046278
-0.0080732
-0.0097068
-0.013509
-0.018683
0.011351
0.012027
0.020339
0.026616
0.014259
0.0033321
0.00022232
-0.010291
-0.0070952
-0.007289
-0.01004
-0.0094834
-0.022258
-0.010397
-0.013323
-0.018319
0.00064988
0.0019547
0.035285
0.020509
0.01001
0.018893
0.020099
0.014015
0.0024272
-0.0083791
-0.011186
-0.011141
-0.0045972
-0.0060294
-0.012852
-0.0091338
-0.012727
-0.012243
-0.014823
-0.01646
-0.014109
-0.028174
-0.0218
-0.022547
-0.02299
-0.0034182
-0.002914
0.017705
0.036913
0.015225
0.010018
-0.0014736
0.0014183
-0.00082563
-0.0029158
0.028796
0.013324
0.0066267
-0.0038102
0.012583
0.021529
0.0079048
0.0010174
0.005245
-0.0071221
0.0025296
0.012628
0.0080868
0.00044199
-0.0029167
-0.0087546
-0.002202
-0.0012868
-0.0041493
-0.0053627
-0.0083785
-0.004365
-0.0086174
-0.013388
-0.01093
-0.0046023
-0.0052857
0.011019
0.023721
0.035531
0.04059
0.044177
0.029682
0.019926
0.012394
0.012961
0.011638
-0.0028134
0.0086196
-0.0011763
-0.0032709
-0.0011374
-0.0071976
-0.009595
-0.0075571
-0.018124
-0.01071
-0.013485
-0.0074578
-0.0091961
-0.0067136
-0.011403
-0.013767
-0.014954
-0.019872
-0.022098
-0.014624
-0.019556
-0.021898
-0.013511
-0.025799
-0.023817
-0.017836
-0.019871
-0.028364
-0.028052
-0.023426
-0.022198
-0.021787
-0.029614
-0.029791
-0.024102
-0.012495
-0.01874
-0.011477
-0.015659
-0.009597
0.00879
0.030746
0.052677
0.056818
0.06132
0.064103
0.061533
0.058852
0.034416
0.031438
0.025574
0.027113
0.026881
0.033291
0.019912
0.012899
0.01425
0.00063625
0.013854
0.005338
0.0073741
0.0068881
0.0048645
-0.0096062
-0.00062825
-0.0093863
-0.011468
-0.0089688
-0.019425
-0.018534
-0.023946
-0.017408
-0.019806
-0.022455
-0.021483
-0.0011005
-0.0066581
-0.0025888
-0.013988
-0.01452
-0.027641
-0.0090382
-0.019249
-0.0015727
-0.0055872
-0.0059532
0.00070718
-0.022226
-0.0075353
-0.01542
0.012701
0.024777
0.014122
0.0042094
0.0019056
-0.0028721
-0.0063709
5.1926e-05
0.015473
0.0084941
-0.00054284
0.0061708
0.00038071
-0.0026345
-0.0012435
-0.0082203
-0.0087076
-0.01284
-0.001509
0.0030389
0.0024294
-0.0019378
0.0017494
0.01086
-0.005639
0.0010633
0.0029624
-0.0050426
-0.0062295
-0.0063027
-0.0081319
-0.012437
0.0015488
0.013968
0.0019888
-0.00070033
0.0017875
0.0064757
0.0078166
0.00090971
-0.0020893
-0.0074551
-0.0099165
-0.00050379
0.012087
0.020916
0.019146
0.013121
0.010788
0.0027988
-0.0022103
-0.0062602
0.0016318
-0.010172
-0.017907
-0.0038316
0.0039848
0.002722
0.0074797
0.0063271
0.0024396
0.0047747
-0.0083232
0.0074908
0.012146
-0.00094859
-0.0033475
-0.012141
-0.011671
-0.0053529
-0.0089539
-0.015234
-0.00056322
0.010768
0.011551
0.0030961
0.012971
0.010548
0.0096836
0.0093838
0.0013443
0.0060574
-0.0025657
0.0053317
-0.0022619
0.0042182
0.01064
0.0096756
-0.0012627
-0.0038923
0.011871
-0.0090743
-0.0045999
0.0063937
-0.0020071
-0.0086091
-0.020123
-0.016054
-0.0075932
0.0010543
0.0023127
0.00060456
0.0020959
0.014498
0.0074581
0.011916
0.0092843
0.012715
0.010411
0.011209
0.00012924
-0.012799
-0.0055232
-0.020838
-0.021127
-0.024601
-0.030681
-0.028401
-0.022346
-0.031044
-0.020884
-0.016565
-0.0069616
-0.015515
-0.027109
-0.015576
-0.0067489
0.001692
0.00572
0.014948
0.030288
0.016887
0.016256
0.020673
0.022752
0.007397
0.0039288
0.00014083
0.017503
0.0058891
0.0046899
0.0079048
0.010277
0.012219
0.018381
0.016482
0.0071953
-0.0074891
0.0033228
0.0021475
-0.0015302
-0.0041466
0.0062546
0.0041546
-0.0076902
-0.0034829
-0.0032635
0.011515
0.0084855
0.00038093
0.00014375
0.0063122
0.024092
0.01602
0.0121
0.0083241
0.011318
0.011634
0.012428
0.010447
-0.0041537
-0.019495
-0.021433
-0.021386
-0.0063557
-0.0057416
-0.0026396
-0.001141
0.0092036
0.011908
0.0010979
0.0061548
0.0086213
0.0026797
-0.0057026
-0.0010255
0.00075065
0.0061011
0.004756
-0.0042065
-0.015872
-0.014907
-0.031028
-0.036012
-0.030575
-0.029102
-0.025444
-0.032103
-0.026168
-0.021629
-0.019798
-0.011024
-0.011718
-0.011562
-0.022983
-0.021341
-0.025313
-0.00032598
0.006474
0.0033942
-0.0034529
0.0098935
0.019109
0.015868
0.025642
0.021067
0.025526
0.020927
0.02292
0.024812
0.0097948
0.01126
0.01696
0.01912
0.016914
0.012464
0.015937
0.017416
0.012887
0.014936
0.014255
0.019685
0.011245
0.016605
0.02147
0.019989
0.022435
0.01977
0.0097809
0.0046351
0.0068085
-0.0002226
-0.012059
-0.0011386
-0.013024
-0.007622
-0.006374
-0.012738
-0.01334
-0.010952
-0.012377
-0.011108
-0.015464
-0.013359
-0.029954
-0.02551
-0.000435
0.001098
0.0092178
-0.0070294
-0.0010949
-0.011844
-0.013253
-0.026321
-0.02949
-0.020303
-0.0015815
-0.0058975
0.0068991
0.0016562
-0.0091351
-0.01886
-0.0077339
-0.0089909
-0.0034728
-0.0072462
-0.0021624
-0.00064611
-0.014314
-0.020803
-0.014679
0.0021373
-0.001542
0.0025315
0.003204
-6.2332e-05
0.0029347
-0.014647
-0.021535
-0.013477
-0.0072673
-0.010022
0.0057567
0.018717
0.018485
0.02187
0.01342
0.010987
0.00017428
0.0029201
0.0051936
0.0035806
0.0098386
0.015086
0.02471
0.031309
0.035755
0.033443
0.02234
0.033689
0.039556
0.03543
0.023813
0.020064
0.020488
0.013443
0.0032127
0.010923
0.0092763
0.0023388
-0.0067907
-0.015496
0.0024777
-0.013135
0.0046111
-0.017277
-0.011393
-0.0061465
-0.0042326
-0.0029231
-0.0018159
-0.004725
-0.011658
-0.015605
-0.015271
-0.013678
-0.0071415
-0.015735
-0.023778
-0.027985
-0.026294
-0.027294
-0.018878
-0.015123
-0.013047
-0.013242
-0.01737
-0.018316
-0.027748
-0.035605
-0.037324
-0.028072
-0.025689
-0.023029
0.0078312
0.008538
0.010533
0.00093079
0.0053265
0.0054772
0.0093076
0.002999
-0.0032219
0.0051824
0.0065919
0.01271
0.016478
0.020744
0.011817
0.020109
0.018664
0.016024
0.018512
0.0073627
0.01683
0.0093261
0.017395
0.017698
0.014298
0.018553
0.0047977
-0.0030861
-0.014637
-0.024299
-0.023855
-0.012574
0.0064471
0.0082741
0.011846
0.013178
0.009966
0.015259
6.3639e-05
0.0053064
0.011996
0.008833
0.019496
0.019809
0.017656
0.024093
0.026779
0.026726
0.027998
0.020058
0.034007
0.022414
0.013888
-0.0026991
0.005178
-0.019441
-0.020483
-0.0162
-0.020064
-0.019128
-0.018348
-0.02128
-0.0079823
-0.015147
-0.017073
-0.023973
-0.023493
-0.02249
-0.020352
-0.028942
-0.026938
-0.028066
-0.036082
-0.03406
-0.025708
-0.017014
-0.012015
-0.018226
-0.014887
-0.020365
-0.009287
-0.013544
-0.015193
-0.010326
0.011535
0.024218
0.023999
0.029206
0.041364
0.032473
0.027942
0.030172
0.026832
0.021287
0.034117
0.030418
0.019622
0.0031168
-0.0046944
-0.019148
-0.011811
-0.0097684
-0.011967
-0.017559
-0.018815
-0.022461
-0.015032
0.0046415
0.011565
-0.0012902
-0.010969
-0.004766
0.0041205
0.012805
0.011583
-0.0071877
-0.0069848
-0.0083519
0.0034223
0.009418
-0.00059649
-0.0032867
-0.00565
0.013243
0.016287
0.012316
0.012214
0.018103
0.011752
-0.0097126
-0.0041072
-0.016522
-0.014564
-0.010164
-0.01085
-0.012382
-0.011889
-0.013554
-0.012369
-0.018363
0.0010158
0.0095111
0.026173
0.027495
0.026415
0.032017
0.022829
0.015801
0.010136
0.013829
0.016854
0.01524
0.025475
0.014583
0.010622
0.021684
0.016033
0.016986
-0.0012922
-0.0013429
-0.00124
-0.023189
-0.021245
-0.01692
-0.019617
-0.023994
-0.015572
-0.014113
-0.014933
-0.023924
-0.022888
-0.01128
-0.018855
-0.027236
-0.030108
-0.022175
-0.010227
0.007847
-0.0082839
0.010865
0.011339
-0.0014715
-0.0044981
-0.016267
-0.015506
-0.0067288
-0.017403
-0.017123
-0.022914
-0.0039402
-0.0023126
0.0093549
0.00019036
-0.00034893
-0.0089877
0.01844
0.020537
0.011626
-0.0020798
-0.012912
-0.017376
-0.005644
-0.012332
0.0066816
0.020028
0.034022
0.030064
0.025472
0.018432
0.029766
0.031434
0.024973
0.019111
0.015489
0.017648
0.0085658
0.0055224
0.011296
0.011074
-0.0023948
-0.016035
-0.020376
-0.018354
-0.010651
0.0049623
0.011436
0.0039613
0.011657
-0.0029204
-0.0010942
-0.0011879
0.012195
-0.0041095
-0.0084071
-0.030268
-0.028539
-0.019761
-0.019142
-0.01507
-0.004185
-0.00035636
0.0055707
0.012806
0.015727
0.017315
0.017252
0.012321
0.00085702
0.0011574
-0.0070916
-0.022594
-0.03023
-0.013251
-0.0076248
-0.00094582
-0.010754
-0.0066818
-0.014703
-0.01402
-0.010436
-0.019757
-0.0093752
0.0042707
0.0083284
0.013129
0.0052773
0.014877
0.011992
0.0029165
0.013795
0.01146
0.013761
0.014022
0.010066
0.01449
0.018445
0.0069305
0.0015192
-0.0029798
0.0055919
0.0098319
0.016539
0.012465
0.016229
0.013481
0.017517
0.011406
0.0032805
0.0017979
-0.015556
-0.007529
-0.0016417
-0.0055007
-0.020614
-0.021651
-0.017061
-0.016099
-0.014958
-0.02279
-0.032623
-0.033667
-0.021347
-0.018161
-0.016199
-0.018962
-0.026457
-0.032962
-0.026822
-0.028284
-0.020276
-0.013517
-0.015788
-0.0092722
0.0037545
-0.001359
0.0098118
0.012536
0.011832
0.019371
0.028989
0.036257
0.032268
0.026889
0.020605
0.01247
0.015443
0.022784
0.015091
0.0077747
0.023946
0.033617
0.028739
0.031144
0.02401
0.022701
0.019418
0.018762
0.012221
-0.0041241
-0.011381
-0.0051193
-0.0018596
0.0079144
-0.00025492
-0.0095746
-0.011138
-0.0097817
0.0058529
0.012685
0.0085486
-0.0042722
-0.0038538
-0.0038554
-0.0038851
-0.0024821
0.0047434
-0.0092025
-0.016008
-0.002482
-0.0024816
-0.0008697
-0.0040076
-0.01239
-0.016758
-0.010814
0.011419
-0.005779
-0.0001302
-0.0014946
-0.014407
-0.010632
-0.011513
-0.013059
-0.018895
-0.026094
-0.033016
-0.033022
-0.034264
-0.0092221
-0.011081
-0.0053278
0.0091875
-0.0090875
-0.0089499
-0.01284
-0.01835
-0.034742
-0.030439
-0.008135
-0.022042
-0.034357
-0.01626
0.011566
0.023099
0.025645
0.033519
0.023645
0.025255
0.021188
0.013398
0.011194
0.024299
0.017139
0.0062426
-0.0034531
0.0093184
0.007383
0.0077467
0.011144
0.0086887
0.020428
0.016072
0.012056
0.012675
0.016289
0.013818
0.013367
0.0032462
0.0054533
0.021885
0.023742
0.018264
0.01007
0.0080555
0.0016948
0.0027403
-0.011614
-0.0051846
-0.023202
-0.031402
-0.027711
-0.007598
-0.0025512
-0.0052263
-0.0031892
0.002984
-0.0036486
-0.0056964
0.0051159
-0.00044024
0.0039139
0.0043584
0.0032973
0.0043017
0.0098826
0.013402
0.01213
0.0074559
-0.0028009
-0.0082944
-0.006207
-0.010157
-0.018249
-0.0028464
-0.0017909
-0.0095286
0.0024267
0.01983
0.020893
-0.002145
-0.0084554
-0.017843
-0.018429
-0.019571
-0.0086006
0.0099124
0.0064329
0.0036342
0.0097355
0.022007
0.01843
0.021559
0.0088947
-0.0015021
-0.013372
-0.019438
-0.028014
-0.027103
-0.030786
-0.02464
-0.025428
-0.011574
-0.022297
-0.031004
-0.046639
-0.044574
-0.040289
-0.024985
-0.01009
-0.0042621
0.017354
0.022106
0.022931
0.019059
0.016896
0.020448
0.019314
0.013484
0.0084051
0.015888
0.015766
0.011555
0.01345
0.0066397
0.0046208
0.019641
0.010729
0.0085333
-0.00088136
0.0063425
0.0096758
0.0067354
0.01102
0.00090062
0.0097918
0.0043333
0.013287
0.0055156
0.0019226
0.010251
0.012026
0.010358
0.014103
0.0064407
0.0088268
0.005707
0.0094572
0.0026853
-0.013584
-0.012151
-0.012131
-0.0072281
-0.011449
-0.023374
-0.015029
-0.0048616
0.021759
0.017028
0.014205
0.016224
0.028888
0.017882
0.014751
0.025279
0.020778
0.021646
0.010593
0.0040497
0.016527
0.0059217
-0.017628
-0.01959
-0.023057
-0.012894
-0.010301
-0.015262
-0.018458
-0.018736
-0.031901
-0.030247
-0.042051
-0.014269
-0.006243
-0.011519
-0.014862
-0.024433
-0.026013
-0.01087
-0.025705
-0.022153
-0.027575
-0.033138
-0.035922
-0.034192
-0.02627
-0.033866
-0.017048
-0.023423
-0.02814
-0.022989
-0.0075401
0.017716
0.037419
0.043703
0.050184
0.051659
0.050169
0.057623
0.057785
0.059558
0.055023
0.042886
0.032375
0.015266
0.016641
-0.0030783
-0.0013235
-0.011939
-0.013116
-0.010662
-0.013338
-0.0146
-0.011752
0.02254
0.031447
0.022243
0.010886
-0.0066311
-0.0051538
-0.011089
-0.012167
-0.011013
-0.013589
-0.015609
-0.017202
-0.014664
-0.012169
-0.023653
-0.0055397
-0.0070962
-0.01146
-0.0062777
-0.011924
-0.0077079
-0.015904
-0.0080247
0.011886
0.0097369
0.00043483
0.015314
0.01421
0.0072181
-0.005835
0.0017126
-0.0015134
0.0017109
-0.0013195
-0.004511
-0.0025397
-0.0066289
-0.0019711
-0.007085
0.00051306
0.021407
0.025098
0.012468
0.020172
0.010335
0.010909
-0.0015844
-0.0011096
0.0049764
0.003852
-0.00059679
-0.0053731
-0.0046332
0.0056256
0.0074766
-0.0029369
0.0032865
0.0013668
-0.0027226
-0.0082638
-0.0047555
-0.0093282
-0.012022
-0.011517
-0.012074
-0.011164
-0.013401
-0.015064
-0.014119
-0.018064
-0.021611
-0.013707
-0.027818
0.0011495
-0.012784
-0.0042383
-0.012252
-0.015006
-0.023551
-0.026349
-0.028673
-0.03008
-0.031556
-0.025598
-0.015946
-0.0049304
0.020075
0.042235
0.051922
0.04567
0.041477
0.046921
0.045459
0.038146
0.035453
0.025524
0.028082
0.035012
0.023207
0.017661
0.014945
0.015914
0.011039
0.0062294
0.0010181
0.0014553
-0.0092285
-0.0061766
-0.0010899
-0.0094097
-0.033621
-0.024021
-0.015099
-0.0072707
-0.015453
-0.027648
-0.03087
-0.0063032
-0.010509
0.0020367
-0.010783
0.0034872
-0.0038265
-0.0078001
0.0005148
-0.0043605
-0.0072886
-0.0057397
-0.00060094
0.0060099
0.0091248
0.0083272
0.0038227
-0.0028781
0.00086971
-0.0019335
0.0041594
0.0052216
-0.0046641
-0.0051982
-0.007402
-0.016677
-0.0068828
-0.0072254
-0.0032129
-0.00752
-0.01183
-0.0088066
0.00086757
-0.0083333
0.0033541
0.0049412
0.0056142
0.012144
0.014057
0.012625
0.01046
0.0088493
0.0077962
-0.0064001
0.0053627
0.013029
0.015123
0.011956
0.0093771
0.0078768
0.0039792
-0.00058929
-0.018672
-0.016304
-0.031673
-0.02009
-0.010836
-0.00215
-0.010712
-0.0071671
-0.0066335
-0.0095498
0.0075665
0.0095376
0.0056877
0.0031688
0.011064
-0.0024269
0.0020978
-0.0089458
-0.0129
0.0022701
0.0036744
-0.0024064
-0.0040566
-0.0067363
0.0030396
0.0045025
-0.010243
-0.0076701
0.010211
0.027522
0.02039
0.010024
0.012445
0.0099546
0.011228
0.020087
0.0045584
0.007171
0.01209
0.0018022
0.0056071
0.0031452
0.0020004
-0.0087962
-0.0036019
-0.0061812
-0.00051191
-0.0027237
0.0011568
-0.0045432
-0.0067485
0.0022296
-0.0084767
-0.0057083
-0.0012518
0.0073179
7.0878e-05
-0.0020461
0.0046178
-0.0038874
0.0066604
0.0021677
-0.0054801
-0.0059757
-0.016713
-0.0039837
-0.0092605
-0.018341
-0.022971
-0.013813
-0.016741
-0.013766
0.0078613
0.0035917
0.0073667
0.0071542
-0.0050529
-0.0073328
-0.01826
-0.015322
-0.012982
-0.017014
0.011699
0.021173
0.015755
0.016533
0.0072386
0.013486
0.014151
0.025163
0.019674
0.0073945
-0.0017227
-0.015162
-0.017773
-0.012925
-0.012287
-0.018642
-0.00081161
-0.002321
-0.0041526
-0.0054124
-0.0050872
0.014194
0.021127
0.010833
0.013286
0.022621
0.0037213
-0.0033644
-0.014049
-0.012917
0.0099116
0.016077
0.020968
0.023853
0.023442
0.0051392
-0.010606
-0.0081407
-0.0027369
-0.0097396
-0.016026
-0.018094
0.0084834
-0.010488
0.0010367
-0.0011326
-0.0089443
-0.018086
-0.017882
-0.020794
-0.02472
-0.01035
0.01289
0.016274
0.031286
0.021151
0.011086
0.0019799
-0.00056778
-0.00074607
0.0059025
-0.0015104
0.012586
-0.00057876
0.0080984
-0.0051072
0.0081504
0.00051078
0.011687
0.020387
0.012778
0.0006234
-0.01234
-0.011316
0.017856
0.013709
-0.0026329
-0.0089252
-0.000176
-0.001866
-0.0079289
-0.011575
-0.013701
-0.025193
-0.0298
-0.021135
-0.027586
-0.028197
-0.025685
-0.020136
-0.028996
-0.008668
0.0036076
-0.0027162
0.020655
0.037145
0.035757
0.017582
0.026013
0.0068383
-0.00073062
0.004779
-0.0038573
-0.011233
-0.008024
-0.0032524
-0.012223
-0.014706
-0.014468
0.00014049
0.016201
0.011813
0.015116
0.0080331
-0.00075844
0.0027581
-0.0086316
-0.011246
-0.0054958
0.0020133
0.028405
0.0080605
0.01018
0.0016257
-0.0034094
1.5546e-05
-0.0051954
-0.0044778
0.0068961
-0.010194
-0.0088291
-0.0038055
-0.00085059
-0.0069157
-0.0096637
-0.00034083
0.003484
0.018918
0.017444
0.020461
0.050941
0.036658
0.027486
0.014431
0.015511
0.01122
0.0046342
0.0013849
0.0061925
-0.00090706
0.0046837
0.005804
0.0041357
-0.0014071
-0.011262
0.0023549
-0.0064011
-0.010358
-0.006964
-0.0047943
-0.012509
-0.0078495
-0.001921
-0.0053822
-0.0065172
0.0011472
-0.0077203
-0.012417
-0.011074
-0.014327
-0.019203
-0.018704
-0.024235
-0.024937
-0.021679
-0.031359
-0.021488
-0.035091
-0.031602
-0.033076
-0.035044
-0.038028
-0.036872
-0.037162
-0.030011
-0.0099249
0.0016599
0.011703
0.018668
0.0095548
-0.0018284
0.028679
0.0328
0.038499
0.03887
0.03549
0.034732
0.032372
0.030806
0.027138
0.026872
0.022319
0.018943
0.023121
0.025013
0.032213
0.028042
0.027506
0.018261
0.017076
0.0098133
0.0083991
-0.0033727
-0.015434
-0.019224
-0.023007
-0.024312
-0.0096503
-0.0092963
-0.016757
-0.016757
-0.026178
-0.022447
-0.0040942
-0.0068795
-0.0030599
0.0032184
0.0024173
0.0076824
-0.0067105
-0.0081377
-0.015283
-0.0028317
0.0027225
0.0048542
0.011831
0.00040486
0.0040016
0.0050906
0.0090787
0.0028233
-0.0021283
-0.0015466
0.0064818
0.003521
-0.0064169
0.0024239
-0.00033323
-0.023053
-0.017426
-0.00089779
0.011524
0.020425
0.018808
0.0086333
-0.0010249
-0.018288
-0.017246
-0.017775
-0.026363
-0.0053694
-0.0042253
-0.00042926
0.0053873
-0.0079299
-0.0069605
-0.015357
-0.0025237
-0.014245
-0.0032759
0.00041343
0.010612
0.013392
-0.0011934
-0.0033808
-0.0061826
0.0095867
0.00094146
0.0037807
0.00081307
-0.004036
0.012978
0.027141
0.022294
0.019209
0.013046
-0.00026137
-0.011484
-0.014346
-0.0078898
-0.01327
-0.014812
-0.01966
-0.026569
-0.026255
-0.024349
-0.01506
-0.0078519
0.011283
0.012016
-0.0031886
-0.0047563
0.012454
0.024891
0.026375
0.02362
0.019823
0.011139
0.020253
0.013991
0.0064308
0.020656
0.014639
0.010692
-0.00012465
-0.013899
-0.013239
-0.0034913
-0.017972
-0.018884
-0.018912
-0.011578
0.0048464
0.014521
0.017652
0.014895
0.001847
0.0014827
0.004917
0.014293
0.00057468
-0.0042189
-0.01593
-0.016314
-0.0052255
-0.013914
-0.022217
-0.016244
0.0044621
0.018953
0.026022
0.012498
0.022231
0.016715
0.016599
0.013711
0.009786
0.0031175
-0.0073391
-0.019268
-0.019305
-0.020839
-0.00073123
0.0084741
0.016238
0.0081464
0.0071428
0.012897
0.020399
0.0099414
-0.0042016
-0.010765
-0.017402
-0.025918
-0.031483
-0.034963
-0.019144
-0.024085
-0.025359
-0.023433
-0.025849
-0.034781
-0.014185
0.0023384
0.017129
0.0068688
0.015645
0.0094637
-0.003995
-0.0078293
-0.0089526
-0.0045818
-0.0067548
0.012989
0.015416
0.0081151
0.0028029
-0.016929
-0.018154
-0.01456
-0.010143
0.013429
0.017414
0.016216
0.0092507
0.00019456
0.0040647
0.012041
0.025212
0.035746
0.020082
0.02349
0.029992
0.022654
0.034187
0.017472
0.0055994
0.010345
0.013685
0.015785
-0.0049891
0.0035722
-0.0042944
-0.02218
-0.0053149
-0.0014498
0.011296
0.0065515
-0.0043605
-0.016863
-0.019328
-0.018238
-0.0051503
-0.0085669
-0.021243
-0.01705
0.0090775
0.01545
0.010106
0.00072936
0.0066913
0.0086088
0.00090561
-0.0019625
0.0013826
-0.013291
0.00085244
0.0022155
0.0042658
-0.0016532
-0.0098295
-0.015659
-0.019684
-0.0046022
-0.0024916
-0.016761
-0.016345
-0.028102
-0.022301
-0.02622
-0.0075266
-0.0069506
-0.018422
-0.0058176
-0.00018498
0.0014445
-0.0026394
-0.0047555
0.00308
0.0080112
0.0085808
0.0049912
0.0031465
-0.00029854
0.00040226
-0.0014999
-0.0038206
-0.0096436
-0.0084169
-0.0044813
0.0019061
0.012582
0.017361
0.016859
0.016356
0.0098613
0.0032747
0.011879
0.010195
0.0068236
-0.010786
0.0085477
0.00795
0.010203
0.0012648
0.0054415
0.0038366
0.0099241
0.0021875
-0.00053242
0.0058109
0.008312
0.0040184
0.010068
-0.0047202
0.0018528
0.0039857
0.0029664
0.00067634
-0.0020736
0.0030784
0.0031635
0.0028472
0.0017589
0.0085519
0.0082537
0.014936
0.015046
0.014038
0.0094062
0.0083337
-0.0082239
-0.012475
-0.018652
-0.003625
0.00026807
-0.0015521
-0.014795
-0.012385
-0.0067991
-0.0014921
-0.0030018
-0.0070574
0.00026205
0.0058276
0.013222
0.0045613
-0.0069062
0.00061671
-0.0081165
-0.0091507
0.00023761
-0.010609
-0.011194
-0.018864
-0.0065809
-0.011492
-0.0099888
-0.0091036
-0.01503
-0.006444
0.0092298
0.0031243
0.00031546
-0.0089769
0.0044013
0.0081348
0.0024783
0.0033975
-0.0011432
-0.0094583
-0.020386
-0.001326
-0.0059355
0.0099441
0.0091542
-0.00051114
0.001138
-0.014507
-0.012574
-0.017184
-0.011748
-0.0090427
-0.0028364
-0.0018194
-0.012427
0.002479
-0.00069262
0.0031297
-0.0068731
0.0044836
-0.0092115
0.001794
0.0090238
0.0049166
-0.0053585
-0.017542
-0.0023759
0.012787
0.015087
0.018458
0.024169
0.025177
0.020496
0.0077175
0.026611
0.025846
0.010561
0.0078418
-0.003968
0.010017
0.025679
0.025469
0.036555
0.035418
0.02167
0.013482
0.0067307
5.9276e-05
-0.010569
-0.0093053
-0.019002
-0.022941
-0.0088797
-0.0040548
-0.0072012
-0.014857
-0.0112
-0.011573
0.0072621
-0.0061049
-0.0077127
-0.015956
-0.0063042
0.014182
0.025449
0.013783
0.012498
0.014555
0.0030589
-0.00673
-0.0079553
-0.01042
-0.011765
-0.014435
-0.025004
-0.020753
-0.028419
-0.025144
-0.029625
-0.017956
-0.0081266
-0.012246
-0.012202
-0.015358
-0.015822
-0.016494
-0.018721
-0.018797
-0.022053
-0.024199
-0.023206
-0.025876
-0.020248
-0.0071794
-0.014183
0.012056
0.03176
0.019214
0.018187
0.01137
0.026662
0.024598
0.023924
0.018441
0.006985
0.0086906
0.02037
0.011368
0.0093526
0.0069822
0.013299
0.0045039
0.008528
0.004367
0.010818
0.014012
0.0033686
0.0074657
0.037446
0.028043
0.022388
0.017931
0.020006
0.019014
0.012405
0.0027862
0.015029
8.9787e-05
-0.0072208
0.0061224
0.0021511
-0.0085071
-0.016275
-0.016895
-0.024612
-0.0026581
0.00088836
0.0026548
0.0042262
0.0010007
0.0045385
-0.0036621
-0.011159
-0.022255
-0.019415
-0.027568
-0.0036121
-0.0057241
-0.017788
-0.013035
-0.014066
-0.023374
-0.010406
0.0033706
-0.0027491
-0.0030603
-0.0084691
-0.022545
-0.013512
-0.0021482
-0.014093
-0.018548
0.00072135
-0.0025042
-0.0088197
-0.019912
-0.010949
-0.0012454
-0.020181
0.0058058
0.03341
0.039645
0.032621
0.030208
0.0168
0.0038432
0.017501
-0.0046611
0.0024824
0.0062902
-0.0076888
-0.0062965
-0.0060881
-0.011588
-0.010623
0.0049851
0.015214
-0.00015161
0.0082832
-0.0021307
-0.0030191
0.014572
0.010801
0.0025949
-0.0027159
0.0028708
-0.016237
0.0041857
-0.0098096
-0.00083599
-0.002199
-0.00066989
-0.0054988
-0.010065
-0.0035654
0.022167
0.026526
0.0087767
0.0082277
0.0016702
0.008353
0.010556
0.0074494
-3.7676e-05
0.0018302
-0.0004882
0.001807
-0.0054745
0.0024011
0.0041244
-0.0018497
-0.012501
0.0063279
0.018216
0.00096496
-0.001102
-0.0053008
-0.018514
0.0015631
-0.0096283
-0.0083445
-0.0069025
0.0047794
-0.0027773
-0.0070333
0.0061287
0.015216
0.00796
-0.0054818
-0.001197
-0.0084196
-0.0033372
-0.0088699
-0.0049273
-0.0057569
-0.016851
0.0051597
0.012751
0.0040658
-0.00031647
0.0047139
-0.0044879
-0.018856
-0.019428
-0.0035482
-0.012067
-0.028281
-0.010738
-0.010214
0.0060333
0.0016015
-0.013442
-0.0038661
-0.0021375
-0.01266
-0.010713
0.0013983
-0.013512
-0.017376
-0.012633
-0.014078
-0.0068073
-0.0079641
0.00095696
-0.00024094
0.0024189
0.0047152
0.012618
0.018334
0.026506
0.023985
0.0248
0.015932
0.028217
0.021615
0.02184
0.026669
0.028268
0.017268
0.016299
0.011887
0.013272
0.015361
0.012419
0.011629
-0.00077988
-0.005773
-0.015221
-0.003416
-0.0020986
0.00293
-0.0059069
0.0012302
-0.012373
-0.0047266
-0.0033857
-0.0015691
-0.003361
-0.0095258
-0.018865
0.00018299
-0.0012486
-0.0050486
-0.01497
-0.017066
-0.021186
-0.029754
0.0069935
0.0087845
0.0097997
-0.0048783
-0.0031285
-0.0091603
-0.015223
-0.01911
-0.027561
0.0067244
0.010136
0.012151
-0.00095306
0.0040113
0.011736
0.0058207
-0.011446
0.011264
0.017955
0.015379
0.0038422
-0.00074976
-0.0063234
-0.00048782
-0.0023817
-0.0082422
-0.0016859
0.0062099
-0.0020822
-0.013875
-0.013668
-0.0054415
-0.011694
-0.010584
-0.013086
-0.0074324
-0.016925
-0.016353
-0.012075
-0.0068994
-0.0019871
-0.0075134
-0.0093397
0.0025639
-0.0021339
0.0014128
-0.0015803
-0.010237
-0.01077
0.0054697
0.019189
0.020582
0.027435
0.012789
-0.0018131
0.0011508
0.011956
0.010059
0.013328
0.0099868
0.003957
0.002868
0.00059068
-0.011349
-0.0089128
0.0051889
0.0095624
0.0069072
0.011586
0.012944
0.017639
0.015812
0.030031
0.016517
0.019097
0.015313
0.013134
0.020577
0.023809
0.0072001
-0.0072371
0.0014739
0.0013216
-0.0013944
0.0026236
0.0056708
0.01073
-0.0087983
-0.0079308
-0.0069297
0.0016509
0.00091106
-0.0025486
-0.0050113
-0.016555
-0.018532
-0.016594
-0.015643
-0.03247
-0.017498
-0.0062412
-0.014077
-0.0087613
-0.010355
-0.019221
-0.030718
-0.0142
-0.016612
-0.026309
-0.032158
-0.012314
-0.011994
-0.012364
-0.012553
-0.0013989
-0.0068698
0.0027389
0.003914
0.0055528
0.0022078
0.013003
0.014756
0.015972
0.011042
0.004457
-0.0099728
-0.0079559
-0.0009631
0.0062795
0.011909
0.0048508
-0.014678
-0.0062949
-0.018441
-0.0085339
-0.0070471
0.0037103
0.013531
0.011973
0.0073201
-0.00834
-0.00098292
0.026832
0.024034
0.035865
0.038929
0.030837
0.031251
0.0217
0.0010775
0.00547
-0.00097252
-0.013307
-0.0043888
0.02974
0.021808
0.027378
0.008138
0.00062924
-0.0025597
0.0013075
-0.0062807
-0.0096232
0.01152
0.0033328
0.00014559
-0.0061926
-0.0060389
-0.010522
-0.010942
-0.014204
-0.0051425
-0.011466
0.017665
0.013819
-0.00015288
0.004722
-0.004156
-0.0054324
-0.0044515
-0.012522
-0.0080975
-0.0087006
-0.017084
0.008722
0.010001
0.014745
0.011931
-0.0034046
-0.0031081
-0.010088
-0.0094508
-0.0051426
0.015815
0.0065733
0.0010955
-0.0057019
-0.010759
-0.014408
-0.015956
-0.020058
-0.018234
-0.022922
-0.029879
-0.027706
-0.027128
-0.024033
-0.020684
-0.010114
-0.013255
-0.014481
-0.027113
-0.019196
-0.0026851
-0.012987
-0.022372
-0.027553
-0.037713
-0.045123
-0.026703
-0.0019849
-0.0073484
-0.0098756
-0.0145
0.0071246
0.026649
0.017285
0.024684
0.035186
0.035605
0.042781
0.041349
0.044535
0.04026
0.034965
0.035499
0.03465
0.039111
0.03708
0.026688
0.03283
0.034136
0.032334
0.039402
0.037019
0.030955
0.028067
0.025073
0.036125
0.031945
0.017519
0.0084435
0.0028047
-0.0079333
-0.0086253
-0.014462
-0.024444
-0.02099
-0.021881
-0.026968
-0.033744
-0.02962
-0.024769
-0.027944
-0.02914
-0.026218
-0.025807
-0.030811
-0.031189
-0.019866
-0.01954
-0.017854
-0.02297
-0.030694
-0.01957
-0.023941
-0.0084599
-0.0028294
-0.0079156
-0.011567
-0.010457
-0.0060385
-0.0085696
-0.007845
-0.011022
-0.0037708
-0.0059778
0.0048707
-0.0053101
-0.0073802
-0.0033841
-0.005128
-0.0028746
0.0020681
0.003522
-0.0010826
0.0028409
0.0079761
0.0051083
0.0048819
-0.00038149
0.0025852
0.0026572
0.0054766
-0.0011757
0.002956
0.021014
0.017987
0.016047
0.037152
0.029961
0.023139
0.010697
0.0086485
0.0065619
0.0051586
-0.00073166
-0.0033717
0.021236
0.011544
0.006951
0.0015601
-0.00077787
-0.00068048
0.00062372
-0.0019854
0.00010214
0.0015524
-0.0021131
-0.0063518
-0.0028812
0.0063522
0.015686
0.011913
0.014151
0.0069165
0.0037206
0.0023175
-0.0071128
0.0057313
0.00033557
-0.001366
-0.0017041
-0.0090998
-0.0047602
-0.010337
-0.0019907
0.0024118
-0.0042118
-0.0055733
-0.0067074
-0.0071315
-0.0056068
-0.0071466
-0.013352
-0.014522
-0.013238
-0.015458
-0.0084759
-0.0065748
-0.005677
-0.01547
0.0018859
-0.0022778
-0.0032284
-0.0051263
-0.012046
-0.0072808
-0.0069347
-0.0083086
-0.0083272
-0.012749
0.022505
0.020812
0.018412
0.025246
0.034589
0.02286
0.019365
0.010466
0.0010969
0.00267
0.00063324
0.00084583
0.0024893
-0.0053874
-0.0046361
-0.011059
-0.0058479
-0.010773
-0.00084683
0.0033587
-9.875e-05
-0.0042334
-0.0039114
-0.0008579
-0.0047596
-0.0040857
-0.00092096
-0.0073891
-0.017157
-0.0090342
-0.0068526
-0.0055857
-0.014987
-0.0045864
-0.0088715
0.00075093
-0.0084024
-0.0047937
-0.0053226
-0.00083841
0.0025144
-0.0014759
-0.0037224
-0.0033147
0.0099428
0.015636
0.021804
0.016943
0.018867
0.01679
0.013293
0.013386
0.0073262
0.020347
0.0040685
0.0072492
0.025346
0.019304
0.020376
0.015414
0.0094041
0.00060253
-0.0021866
0.0015997
-0.0014332
0.0074376
-0.0013818
-0.0011334
-0.0021642
-0.005111
-0.0024122
-0.0036741
-4.7334e-05
-0.0092634
-0.018829
-0.011101
-0.010718
-0.0042922
-0.010009
-0.01766
-0.016933
-0.01826
-0.019949
-0.017421
-0.0081378
-0.01431
-0.0065802
-0.021053
-0.021682
-0.029155
-0.013482
-0.023605
-0.020907
-0.0082052
-0.001937
-0.0060786
-0.0043774
-0.011306
-0.018532
-0.011716
-0.0040773
-0.011035
-0.0086013
-0.0049723
-0.0016195
0.0084303
-0.0059838
-0.011904
-0.015104
-0.018564
-0.021735
-0.017573
-0.01338
-0.0059333
0.0026788
0.017636
0.03527
0.05787
0.049923
0.060897
0.065776
0.042405
0.037203
0.045307
0.056074
